017576
015038
018876
006767
013304
010629
014091
009407
011115
010702
002081
015680
001292
000055
013487
014034
007529
012808
000182
017391
019452
007410
012829
009569
013442
005719
012507
013678
019958
013067
009192
000511
005993
007556
002080
018319
018973
011331
017141
019358
004013
019638
001594
015247
004226
004038
015526
017657
011677
002917
016081
018433
015414
016610
018652
004426
013651
013250
010630
012250
005712
001716
015151
004180
009708
001341
005573
013923
001105
010576
009300
015958
007539
015043
003877
019447
001647
001621
012656
007051
008053
006882
017365
000837
001764
010766
004270
004186
010941
019252
016454
011447
005241
000203
014452
007018
015791
015973
011258
007429
014392
013308
004208
010114
003111
007754
007699
016089
017769
000536
009229
011217
004924
005197
002559
012276
019989
001380
003175
002681
000083
010845
009642
006900
014509
009916
003894
016048
004882
002430
001744
001512
003545
002060
004203
003633
009762
017532
008456
013719
006509
011185
004028
017506
018416
000598
018543
001410
017089
016823
006905
005276
000731
008122
002199
009163
005169
010207
002144
011314
003538
017647
008464
015171
002654
010121
014949
003653
002204
014461
008419
016488
006610
014607
016531
007572
011338
012856
017369
018733
011253
006847
016200
012489
016963
012657
001862
005031
013371
007745
009376
009453
015939
006124
016739
002099
002033
004010
008076
011252
017749
012622
001019
017396
004329
015499
009951
012818
009969
010175
017845
013484
011161
003471
006832
006067
019261
006283
014211
008816
006359
012864
000014
011025
007036
015029
004146
000364
001312
019601
003957
005238
007518
016220
012334
001115
000967
017869
006513
019527
007862
010402
001207
000371
004787
013830
009490
012074
000931
018276
006290
000585
007538
016606
018155
019626
018464
019667
017501
010089
006880
005455
013122
008925
000504
003488
014578
017973
018159
014737
009440
003541
013403
013611
017745
008469
007316
010260
016283
002985
011459
012146
014914
002462
018827
011431
007794
005282
001178
001657
005404
005703
014033
003347
013174
017211
007645
016923
004190
013587
003054
006859
005055
016188
002369
017595
010391
015014
015373
000839
015426
007220
015733
007085
000482
007137
007803
005942
004423
009779
007601
005575
012358
003542
011944
015381
006167
016205
010285
010288
002411
004283
003004
004725
015635
003248
016304
016085
002162
002915
015894
002606
004156
003522
000758
013217
008260
008532
000886
014277
005615
017420
006983
016275
014736
011214
005957
003562
009464
005641
004937
019163
010224
019888
019645
002572
007460
010006
003904
017660
018553
014157
009427
009210
018983
019027
017969
005882
010928
005468
007616
005514
012653
017261
016073
015513
012258
013453
016443
015374
002310
006131
009716
000062
015413
007632
010693
013001
006081
011963
008750
005448
003801
008694
001059
006750
012729
003732
018956
008238
006962
011055
005459
010425
011894
011639
019755
007384
011402
012096
005600
000151
015017
012692
010167
003285
004585
018393
000431
006389
000990
018867
000282
001120
010621
013632
019412
004995
007145
014574
003208
006457
007139
017424
019529
009694
016877
001775
017126
017870
012651
008495
017047
001698
005419
002935
010057
019936
011725
004772
015977
014445
003960
004024
009044
006410
011703
005998
013554
017933
009224
019164
006375
011846
016450
013189
001163
010716
015614
001844
010395
014868
014860
009191
014496
001668
004128
002723
016750
003395
005737
000078
013797
017816
003076
014836
011935
001040
017673
005812
019792
004125
010564
019722
001573
015558
014207
008616
005826
012519
003420
009600
000646
011053
005519
011409
007480
014748
003307
018456
001777
019250
019546
009677
007727
019663
015484
016058
002270
011013
018120
004296
002385
004268
000174
016009
012977
019959
016664
009950
010823
010692
009942
000809
013772
015084
012654
010538
016059
012836
005695
017372
000520
003002
006293
005474
000992
005020
001568
019190
015560
017248
017614
017690
019172
014090
010635
017077
019897
019769
009495
006180
018364
000729
003072
018054
009390
011179
009905
002437
018507
016405
007859
017250
013995
016560
011225
014101
009089
019518
018851
002149
000026
019069
008349
018306
006647
019448
001044
013012
006353
009923
010126
013461
008928
008759
016804
001111
014566
005685
012682
016100
010467
010046
000997
008905
018901
017162
011223
004643
000630
011650
005422
001658
008351
010161
018872
018589
012605
016638
003374
013774
004901
000613
018156
008649
018375
013710
007898
001308
017293
003813
016523
006166
005598
018598
000993
018936
019131
012367
002087
011585
018237
017560
009422
010275
002012
018651
001128
014241
014379
001961
008971
005284
016240
010196
012696
019533
004036
001165
019153
012064
004293
000042
017689
004325
018115
002103
011594
016860
000386
013023
018399
016077
017784
017936
013033
003481
014864
012384
000508
014943
008125
006012
004216
013658
018645
011037
018674
014395
014708
012892
010568
007661
001628
014733
002703
013610
018582
010276
007678
006972
000963
010969
019203
002835
012792
007165
010526
004499
007522
000073
000357
013319
017884
011610
015042
015021
003718
018062
016917
015506
006516
013741
000060
017931
013563
009689
011406
015687
008662
014669
005157
002277
017048
018029
012379
001411
001703
009075
008718
004371
008631
005478
006668
015310
000432
011311
003622
009984
003724
005860
012446
006734
009344
014151
000157
004211
007142
003059
007182
008401
018952
006759
018122
001531
001051
005747
000920
009607
017691
006825
018752
015377
012117
017513
011351
012389
007214
017380
001729
007430
018781
016719
009211
003598
019912
000261
005181
001881
004593
009533
010724
019813
011202
010469
013454
007235
007314
007648
000984
010513
014178
014540
001785
011658
004457
003351
019409
009096
017058
008916
009145
000747
008520
003461
005327
011065
007347
016579
011615
018853
009791
019570
014369
001800
010382
003860
015306
010003
001417
010970
012831
009157
004809
010725
009106
002590
011889
019777
014375
002352
017104
019462
018317
004820
017818
006193
015037
000728
019711
012317
006571
017531
008580
002214
000313
017431
019383
007861
009456
005435
009324
017654
017575
009649
016094
006445
009268
013570
004131
012402
000133
017928
017202
000030
004464
018714
000149
000468
012401
014287
005687
014848
016321
009803
016918
006251
011812
013081
013750
015841
004177
000224
004817
018969
014789
003582
008003
008859
015410
011751
000021
008806
011929
018165
019957
013648
009187
000865
000003
003249
006228
009697
002682
015863
016324
005471
001193
003393
007041
004149
000120
015096
003400
005566
013790
019668
016714
003589
001057
009967
006192
016041
009473
014823
012876
005022
012118
010032
013858
001648
017037
015027
011238
012262
004232
002831
009799
017729
000161
018841
016338
016817
001588
005492
000707
015591
000363
013926
018050
014616
016905
011628
005479
008887
008033
004639
013538
019839
013410
011424
004387
003243
002474
006871
000986
014709
013955
009436
014766
001542
012800
019565
012559
019697
016363
015313
017847
018329
001307
018564
016718
015363
015239
007925
010215
000471
015474
009126
006736
001191
007278
006588
007944
003748
013583
001664
008171
014816
012911
007458
004030
008364
008770
009003
000289
016290
016331
003750
012006
008103
004312
005494
005662
017946
013522
005958
014626
006967
001295
010187
004467
001251
004522
011328
013075
013331
000005
018824
005619
004584
018268
016498
016228
014725
017344
008459
017312
001738
014642
019276
003332
009843
010537
005637
005489
005797
001200
017552
000197
008433
005310
018616
010953
010012
001226
000810
007762
013171
000348
005757
009869
000803
006706
009709
015485
014158
011788
000720
014483
007607
008305
018896
006246
008707
013996
005118
013184
008688
011023
000815
017727
001370
013091
004587
007078
014526
007047
013768
010459
014620
003512
012676
015217
012282
000308
017212
006201
009773
009571
013432
004343
013633
004406
010200
019429
001861
015234
015579
003556
019111
003706
006566
008926
017994
006943
010889
003357
003168
008841
009629
007982
018965
013900
018490
005269
002335
000549
006715
011575
010674
001774
019497
005228
014520
013571
010128
009273
019500
019150
019134
005513
007895
013584
000273
010573
007398
001585
018392
016844
002968
011824
015128
008638
003389
006558
006867
015421
000124
014038
004848
013820
017239
007061
001916
012197
015540
016831
019241
002283
011473
003810
005116
008353
009067
019206
012893
001561
007377
001362
005612
018316
007986
016012
018659
007229
019506
017096
005298
003088
001242
013625
002659
005073
019460
018169
018130
002004
003882
005309
001944
002238
018542
016273
001736
018600
008702
001929
014016
014633
018123
019010
015724
003333
008714
018260
011533
007533
010179
013156
003418
011839
002234
019049
009837
004520
010358
005705
004570
003079
003744
004576
007477
018787
008891
009995
001651
004472
009307
001559
011849
016279
002558
016814
013407
012344
006652
019978
011912
014297
004305
013054
014106
019442
002580
002273
001551
003036
014953
007120
005787
018248
002313
005378
000492
002011
012088
019257
010955
002898
008646
018657
018465
003761
007667
003353
012658
001928
001365
005783
012157
000591
001042
000757
000082
019191
013761
001132
008586
008772
008950
001284
009002
012417
006114
014330
009663
002630
015636
018798
004078
006837
012415
000497
014095
010477
011363
012550
014998
008428
008947
019021
017556
018255
003924
008704
016573
010330
019525
002274
011750
018545
016794
004529
008848
014794
006168
007897
018340
007289
018337
018065
017721
011210
014404
008582
004095
003796
019159
003411
019076
005190
014378
019170
005551
019129
002591
017067
005299
019681
005089
000670
008105
007345
018606
003818
017051
006543
000733
010287
002797
004943
017466
007375
008363
009794
004394
004683
011098
003828
008356
008868
002629
011834
009598
007016
015148
000813
019372
018870
004193
004822
001610
019212
006294
000426
016176
004546
000068
003580
019729
003919
004671
012897
013978
013228
006502
011453
002265
010893
018579
008297
016061
005592
016866
017641
010644
017356
018756
000782
018215
015146
014126
008343
011369
014298
003564
004487
012377
003698
019392
002778
015991
002514
009127
009987
011686
001129
009624
003244
009185
002264
017469
012567
004444
007947
014577
015083
004438
011993
011821
008338
016326
016242
000209
013957
015032
012697
009580
010222
005395
002865
004172
006269
018232
002830
007766
011372
015690
017234
014310
013110
006238
019055
003594
010932
016185
015425
010680
002924
017990
000190
005556
005752
006836
010710
019967
007524
013473
000801
011785
013960
007057
018750
011063
002429
003527
005034
002506
015475
005793
019963
019508
001762
011572
013350
004818
014625
018638
010197
000368
013596
016900
009546
002983
011021
014707
005078
012309
018205
001825
018807
006139
011401
010570
013471
015034
014146
007623
005094
010486
005627
018881
013545
018774
018730
014342
014629
019981
000716
013368
005836
002873
004057
002322
015282
007647
009238
017253
015604
000719
014132
007417
001728
005115
018424
014114
010827
016444
014238
011764
003212
019993
011247
019003
019998
001649
010028
005010
018082
009025
017921
014775
004747
002010
019473
012933
007193
017009
016661
007515
005788
016623
001644
016929
019580
006611
009295
013098
011781
010178
012036
012158
001260
014723
012395
007890
018342
005970
002694
007212
001534
002143
013399
016793
018323
015452
013489
016820
000751
005671
012671
002767
008232
018914
005675
002537
019368
013268
002728
015967
006562
000347
008257
000244
019592
009018
015435
000177
017236
010408
012816
002112
017079
015643
004523
003114
006695
010225
016681
018734
001776
006642
004837
009424
014600
014143
006865
009944
009956
003409
008169
014233
003778
009343
016396
017475
016761
000384
008369
019087
016006
005359
004173
013998
001071
002218
003486
013523
007938
017436
017086
010927
006764
003068
002405
001269
010583
011482
015909
019778
000918
015473
003430
001786
010209
009627
015649
011362
010642
001857
011488
017099
009015
013296
011203
005562
019373
014503
019720
008422
016347
004462
009748
013861
001949
005155
019269
018279
019133
004716
011590
009107
004659
001481
007068
011819
013476
019606
017945
000080
013105
017505
010861
014548
017465
019061
001941
013456
016462
015621
009640
010501
009428
013262
000572
010577
002115
014687
009155
012052
015488
010093
009368
009206
011347
014518
007357
003862
010882
003847
010895
014730
006889
012423
012505
001788
005399
015486
010966
005852
000690
011956
015729
017728
007238
004085
019539
008089
011857
000063
006436
004265
007273
000851
016570
002921
011521
019784
008051
005103
011564
008188
005918
017888
007612
002662
002438
010510
001546
008701
011239
007757
002321
003242
007367
003438
019161
001771
003440
000969
016201
003897
004768
008824
006870
007366
007636
019455
008992
008031
004764
006404
016234
002048
016535
018883
008144
010410
010355
015376
004392
015250
007064
009337
018846
002927
003101
018244
002747
012030
013727
016028
008077
010259
011443
018200
019873
013170
015953
019234
009350
001469
000776
018458
015317
013863
006179
013806
019783
007603
017684
012333
007112
007841
018367
016539
013072
010482
014104
006070
017285
018660
009661
000947
000586
003177
014660
012859
011798
006848
006621
019882
012021
010033
003536
001485
016174
018378
012426
012828
004079
015569
011649
007724
006935
001750
010034
000430
015978
001958
000619
003628
007866
016120
012172
016040
003929
006456
015372
002973
008781
009154
014850
008711
006587
003712
019075
007650
002237
003034
011580
018687
012413
009747
008654
015343
017201
000644
019048
010308
010894
015320
003334
015865
018439
001674
016670
003103
008956
012312
006232
014750
018950
016224
001480
008505
004320
003459
009474
007619
003204
015664
004097
010029
011002
003362
011759
016938
002286
014232
006129
018097
002207
009080
006264
016125
019341
007401
016928
012467
014921
006629
002739
017341
000006
008367
014539
000968
010837
007178
014237
019887
005451
007820
002766
006442
002908
015639
005758
004707
014623
015767
017926
008320
006170
007147
003982
016956
017756
019552
005165
007146
003548
005658
013306
008530
004678
003740
018685
015529
008884
018842
000349
008484
007442
015124
014873
011468
006659
000332
013394
008106
016947
002032
003505
019468
007994
004273
017844
011381
003428
015849
007231
012336
014130
012895
011232
018006
000979
004210
014686
019100
016619
004538
006128
018796
019556
014165
004815
000538
007652
017681
006824
002190
007028
006069
007750
007344
005731
012494
010673
006690
007234
016850
007879
005593
005423
007224
019685
010081
014450
000264
018527
010559
013004
011724
003985
010632
015858
003905
013207
001087
017569
000745
018379
014348
010758
009503
010661
011480
010519
007599
017042
019738
003480
016106
000248
000795
015198
009526
015163
012313
001026
018057
013117
019039
013839
013945
000546
018829
019986
012195
017064
003640
015556
009976
007020
016737
008104
002569
007722
011032
011428
016312
005209
007758
007665
005621
019775
017741
006653
018192
019797
015753
002156
016481
010733
013576
012211
014820
011851
011631
006084
018425
012162
007412
014172
006914
002150
000410
002229
018534
008850
009819
005960
008321
010102
014077
008939
015722
011531
015448
014622
001676
006407
012786
009755
014804
000112
000196
000610
008328
014208
005696
013269
010199
005997
003615
017290
017896
014925
019633
011566
000433
005782
001510
005535
008597
002942
000658
003914
015511
014351
006094
001506
014177
012366
015466
007981
009723
015268
019538
003394
000463
008756
016747
013002
007201
010978
006006
006262
004410
002718
002482
004916
005547
010778
013742
011254
018410
007736
008407
001918
003108
019756
018172
004086
001626
003981
005266
006718
017183
001833
019715
005202
004757
018430
019929
016471
019987
012941
005392
012590
001234
018510
000092
016600
004453
008802
017024
005497
005396
014326
009037
006980
019868
011143
012515
004793
002900
019356
017345
015802
013377
017217
008814
012231
004525
016692
002577
003310
011743
003790
006335
017273
002969
016835
011625
002215
010722
006683
011380
015683
007323
012184
012623
018270
017358
013814
019762
006171
001459
013844
015577
018825
000800
017225
003222
008523
008581
000677
002844
013099
017839
015049
005570
013347
018888
010455
011706
011640
013491
015291
008632
006373
014213
003496
019823
007839
001157
001106
019345
002733
006625
013469
019686
010656
000900
019866
009184
000114
007058
004965
007389
008499
014639
007771
016782
014140
002692
005026
017177
004253
006680
015582
010523
000074
000110
009541
010593
011056
007684
013676
005948
004634
012744
016484
003414
004875
007715
016648
014644
018886
017152
006302
005285
013322
019789
019772
016327
010958
005868
001458
005659
010533
013799
003544
013405
003627
011602
008936
017373
000017
013671
016500
019744
001455
004733
019177
003578
014049
010226
001357
001526
004395
009406
000904
000787
016521
016385
009554
006025
019363
009756
014269
007864
017853
003729
015875
009054
000164
006939
013146
008026
004830
013887
000822
008074
013362
008250
006729
010504
012923
013668
000531
015402
009786
007474
000465
011091
003298
008703
017004
002262
011840
006199
013918
015236
001731
002260
011696
013008
005976
018036
015471
012616
011965
004526
000158
008748
005211
007320
016049
009057
018298
013902
000494
016309
011499
007712
008525
011534
007336
004908
009226
018435
019682
008395
004782
005259
019695
015856
004422
014913
003912
010475
008964
016657
002249
005526
016501
000556
015740
012938
016924
015830
011257
011000
010036
011997
010139
019282
014365
013233
000213
010799
001487
007798
019520
011102
016391
019554
017823
008375
016901
017864
014997
018986
001041
012176
014159
002090
015545
007921
012171
011617
002615
009034
006047
018483
003447
017014
004507
018473
015194
010881
003625
011553
003449
003952
013192
011356
017942
016543
008528
001240
002991
007124
011408
008572
006948
019913
010859
010945
001319
019717
016914
003809
015105
013804
004580
004571
005648
011519
011522
007761
019747
017948
019734
002656
009330
003704
015164
011733
009171
015109
011124
005156
009189
006898
010165
005937
006670
007950
012235
015523
018907
007693
003528
002930
013986
011398
015477
004454
001368
015853
012760
000374
000601
003211
016596
017427
003441
005147
013047
005470
005463
013791
012022
014363
009009
018388
001652
007219
003500
004920
019575
006701
011502
006320
003937
018868
000238
011726
011423
007773
015393
012776
005272
018045
014891
008452
006919
016249
015652
019380
011429
010487
003119
007686
008998
009116
009590
015537
003632
019855
001031
014838
003940
019630
015933
017819
017301
002104
008173
016246
018016
000066
006651
011937
010938
015944
016593
002487
000579
002290
003805
018249
009279
010571
016589
018802
014020
013759
005773
003570
018609
009560
011390
012625
011730
019371
009168
006444
005292
007010
007179
006092
007225
010017
007564
015383
008329
015754
004025
003106
002573
016756
015867
001211
018558
004912
001002
008932
010922
018041
018129
018739
000864
012561
001550
008420
016978
017954
019752
000383
016341
016943
014200
005808
015050
011494
004552
015141
010624
013581
002431
016198
013562
019768
013379
019467
008535
008134
007236
005869
005442
016330
006773
019173
003473
010244
005828
011864
007053
005987
005107
017122
007396
015998
004147
002153
008085
000100
006281
004940
003664
009297
006284
015307
013905
010009
007322
015361
003873
001079
017216
013550
014265
003771
000687
012609
001220
005881
012820
011052
014355
015270
013380
000361
014129
002626
012263
004831
010581
006355
005560
000101
015232
014918
019160
012837
005456
010153
015415
003315
012769
006992
011068
006862
006078
014115
007454
019239
015398
017182
015575
018532
015274
006907
003038
007298
013488
001097
018961
002360
004351
004987
000301
017885
008303
010437
006340
002022
008680
009552
008258
003286
015188
012934
012774
017629
009808
017742
015923
004019
003198
002970
013564
019168
001110
005213
015771
018023
001696
016572
010078
003071
010952
012145
006045
010759
018448
016148
016154
011873
008362
013336
000456
000493
008860
008567
006577
001895
002860
014235
014215
009278
015013
003534
001609
009036
005229
008058
016344
001433
007288
007571
011007
004338
016624
011491
004004
001493
018462
007906
004230
008322
005095
006215
000009
006103
019140
000359
006947
012331
003056
005263
015080
017265
015420
001823
012386
009423
015578
016278
013139
003075
007748
003011
005683
013468
018482
008573
002452
000032
003406
007331
004803
007946
002863
014994
003147
004374
000216
010238
008448
019108
000654
000453
003268
008042
016662
002436
006231
009810
012444
003647
003023
010474
003246
016399
018590
007096
009074
016740
002600
008637
008279
017938
006237
016097
012631
017545
012164
000919
002173
000949
019636
007350
015504
015107
010364
009470
008931
002657
011297
013107
013739
013048
016096
019308
000957
014821
016705
005766
007502
011713
000808
000629
015057
000929
003775
006059
006172
007680
016078
014728
007297
015975
006600
002744
008784
012294
019362
001347
018273
018196
004292
000251
018678
011306
002480
014917
015204
013278
003392
016733
012787
014763
003549
014105
019871
015129
004892
005565
017935
005262
019036
001223
001385
007154
012970
014451
011403
015296
006280
013819
014702
002528
014449
012615
005198
019475
013591
016547
007843
006753
003773
002435
010452
005101
012909
005803
000475
011085
003949
010166
012238
002920
009410
005922
004369
007551
013452
019207
017307
009316
005822
013433
018178
007121
003151
006958
002771
015615
010808
011054
014854
018639
006296
004724
008335
008408
011838
001820
015801
003192
019707
018197
001886
003266
016903
014940
011088
009751
012624
014861
009352
000951
000622
006850
018555
013360
012711
017778
013744
002038
013756
003359
004839
003875
008194
012322
007118
000476
004805
011470
012738
013307
011863
000785
000075
014428
016871
002752
013556
004059
006468
015717
005111
014192
011807
015155
003844
008143
006099
019104
001905
009132
004727
004189
018348
003377
008098
015538
000850
006732
001600
017858
000127
010138
001745
003250
018576
018449
004241
004333
011370
005140
014881
019199
012842
005370
011537
012205
010852
011972
015226
001273
005257
014364
001377
013880
006742
005236
002602
014181
008571
001608
017435
000146
012665
014018
015893
011146
012700
005724
011624
019701
001945
017395
015157
003995
004968
000983
006857
015008
004838
003339
004405
001072
018497
000608
008081
003073
003053
007919
002919
001822
005004
019901
005033
008610
013970
009908
007037
018310
006395
019196
018998
002224
005753
007253
003592
008990
000016
011782
011325
011675
017913
004606
001472
002491
012866
011552
019093
018110
011555
015066
001164
013086
006060
018372
008874
012388
002794
001326
016685
012414
002085
013616
001258
007342
002028
005884
018132
014097
000335
005967
004551
009609
004183
010675
011789
013341
014856
012015
004674
008648
007039
011279
002457
019879
011881
011982
008837
017050
003972
000106
015955
002601
002796
007306
006881
013169
019806
010652
002359
006723
008069
019181
017228
006028
011327
009032
008374
014920
006785
018247
007167
012061
017502
017401
003737
014003
005355
012986
002892
003164
013496
005885
013387
002399
009146
000179
015899
008606
018315
008590
010030
000290
004279
012005
018134
010840
002958
017744
000627
012408
012647
017354
004614
019526
007561
014275
016858
007301
006535
005920
003369
003858
017594
012165
017297
007688
016688
012898
018491
018266
009195
001313
009796
002979
009902
003159
018982
014042
011066
001707
008534
001216
016937
014458
015948
014325
007877
009507
018769
002971
012347
009281
013865
015493
013736
006821
003026
002522
006491
007486
005745
002545
014460
008229
002094
016411
001015
016989
017924
019825
015755
005383
014668
006349
013949
002072
007276
014811
016603
017959
001288
019179
010328
013890
007584
000841
006327
001461
016376
018381
001907
006950
013515
004718
008810
016463
010368
008808
012135
008948
009468
008157
015793
012953
003135
016074
015704
018051
003287
015959
017736
014123
006486
010366
018991
001817
003341
001441
008061
011655
005135
014112
002440
016377
016244
008354
002386
017678
006787
003407
018770
014306
011515
006048
004894
009612
007530
001525
009736
004416
012885
000766
008709
011273
009717
001582
006697
000930
003575
012431
015691
006076
019120
015985
013525
014225
017478
001190
006920
007889
015299
002252
013793
019521
000328
007283
012069
009610
014630
005075
002135
009492
019481
001973
005738
013798
017080
014830
007069
019158
002414
014601
000542
006138
007978
012131
014263
004235
014986
010956
011858
019176
003964
012272
010563
001849
002205
010250
016474
014070
015406
012047
009266
015769
007170
017148
001416
006344
015748
013600
008290
000653
000845
017054
005786
010782
018489
004412
013516
014555
011647
017807
004360
015301
007456
003637
013179
002527
003593
012300
014117
010485
013213
010540
010731
013747
006822
008056
014519
014776
006431
003741
002196
010639
008980
014086
014685
003448
015602
018693
014695
009312
002278
014910
005252
015695
012806
010458
006256
007277
015179
017910
011680
016598
007528
005037
006805
017836
016984
010011
009323
005223
019156
012345
001375
001100
013691
019214
012900
001740
005461
014912
000872
009041
008599
003892
010405
008866
005578
011081
002483
009072
014479
005982
008838
003025
010186
009515
012190
009974
011376
003820
008862
013451
005870
014900
017119
007404
016466
005145
004601
012065
002329
000116
000227
010300
003999
008933
003077
005670
011199
015759
005402
001366
013077
009557
013770
002124
013760
004653
008805
004431
018438
007407
008084
010638
017059
012648
008719
009125
000519
000768
001068
008742
002301
013811
011387
013628
005785
001201
012565
015662
015596
009051
007970
016695
010397
008393
012883
002297
011609
000257
008913
005564
013062
017440
011588
016829
010220
008159
018681
008613
005278
010849
004825
017161
019484
001383
002538
008738
014954
000381
014169
012937
008817
006749
017795
019664
017642
006390
009288
011720
018761
004856
009029
016274
011015
017385
013716
003606
017608
000311
002345
019265
005363
018882
011245
000445
001243
002040
006711
006648
004347
017082
018848
019773
015782
001499
012917
014890
009487
018844
002381
010254
011157
016991
012664
000545
014061
011977
012904
008725
011455
007256
019495
007746
019999
012133
015463
015790
001798
010907
019631
001752
018208
007974
000582
006439
011543
005430
018203
009033
016672
007926
008602
016716
006609
003730
004913
008600
007423
002586
007598
011587
007621
001403
017043
008141
000034
013408
002070
006423
015647
013683
019465
003939
016644
002980
012148
007738
011735
003230
017547
001913
002328
003140
016119
019665
019932
005151
005086
001108
005132
012468
001442
008094
002471
007040
014021
015630
000505
009523
002867
011910
004870
003491
015762
003092
012844
003978
012034
003994
001358
012880
008350
017630
019617
012265
007509
007641
010598
017422
004331
011174
004784
008126
017636
015059
008903
014204
009940
007639
017672
000859
013266
000129
016982
003213
003021
014583
014419
007516
009327
005438
011895
016189
006003
006382
019632
003573
018419
017232
002676
007679
000955
016591
002209
013455
017287
005829
015100
014188
013796
015860
005791
005134
005043
006364
008148
006873
001117
018408
008278
018580
005439
015020
015114
004377
009043
003492
015427
009699
010943
015765
008344
017849
016495
000135
015870
001322
006063
013205
005693
011556
002966
007265
016512
002396
002793
011213
018106
004318
004282
015165
005959
015534
003874
006579
012556
009421
000962
012761
007505
018252
001453
015675
007420
014974
009549
006473
005853
019474
012310
002646
006266
008438
010493
003364
001228
000486
013227
016961
008182
004477
012543
009735
013606
013271
016580
000829
008108
019893
007294
019031
007589
018707
007826
008944
011477
017275
010095
009454
019428
014202
011932
010110
011814
013236
008307
013337
016132
014012
008899
016159
009299
018546
009335
012980
015797
012053
003235
002182
018502
001006
018736
000857
018773
011666
007707
012350
012107
004554
018920
012416
000680
005673
011848
003398
001184
012404
009117
015227
015786
014534
009205
016771
006912
018304
017578
018318
000437
014610
014127
008166
001323
019848
013021
014468
018095
013018
007706
001013
015407
007440
019272
012305
011149
003238
010687
009438
003045
014155
009787
012606
017770
009274
015516
007628
013393
001498
004862
014484
013485
001770
011042
008793
007181
007427
009656
019307
002408
016919
018675
005499
009078
014619
003507
007989
011072
008264
003093
012798
001176
017601
018573
014575
015379
012785
008867
011584
015245
013277
011619
009076
011345
014694
015609
015904
003915
000498
011693
011125
008807
018285
014440
001188
013090
006494
011830
016515
009280
006306
019294
006772
001976
008130
004923
003404
018125
011791
012188
015897
002351
008988
012075
017904
014745
009379
001136
000102
007424
006561
003926
015682
008697
008075
015196
014481
013531
016076
012691
018556
015565
009447
017106
001471
004236
013786
017751
006635
009513
019251
007777
013758
013876
016878
018499
008674
010344
005887
001016
002909
015215
011463
018084
014478
006102
012861
000564
006995
015304
007726
002376
005123
000774
009512
017696
019123
011278
009322
016110
008263
013681
006745
006758
016873
009725
000323
014278
015225
017908
006887
001834
010918
011672
015816
001806
007990
001233
011268
017419
008678
014164
005961
012960
017947
001457
014716
004550
012746
005365
016177
018701
016437
018086
012266
016967
016336
007431
000578
010898
000152
014434
015456
008020
010416
000544
010007
010820
006638
014167
006731
019072
001815
000953
002825
013914
005239
017414
007856
007959
009586
010505
006548
013316
000662
008241
016584
009850
017620
015405
017355
012714
015416
008474
013604
006483
003641
008991
013204
018422
003490
002563
002230
018526
018033
000590
009980
004512
018654
000744
006894
012968
012464
002354
016781
003753
019751
019035
013847
015778
001276
013707
005901
009186
002176
008147
009534
000606
001888
010015
011460
009234
012343
013230
015712
011450
016183
016655
017949
004612
012337
004690
014530
006219
009244
004604
015686
008487
019915
016516
007093
006586
014044
019407
013527
013893
001914
004007
011292
003700
009678
017411
010118
005849
007021
006763
003091
019977
010257
004229
012539
004439
005106
009947
009684
010087
007983
019064
012580
009933
015595
018343
004496
006190
004797
001070
012509
017609
004303
002456
004508
009121
003895
007228
002402
001552
000312
002619
013582
012902
001650
010375
004879
005081
008380
017950
011761
018327
009418
011246
004946
000816
012506
018193
010326
005287
011671
007940
001581
009705
018376
004702
009162
001010
014148
011746
011745
004058
005025
004005
010264
010460
014657
018127
002762
009181
016502
001772
000742
016381
000450
002232
006990
010217
011036
008199
002165
013448
006733
005153
005473
011024
014444
000624
017644
013590
007089
017363
015241
007001
010585
010492
007462
002533
009509
013083
019301
018170
009296
005195
004481
002887
013927
017746
012854
002078
016375
013634
009764
009758
013245
000939
001998
016575
009821
012579
015441
004163
001545
005581
018557
018161
002458
017393
009912
008594
002866
009922
002868
001692
000233
002465
018269
015728
019687
015103
001662
008427
010231
015845
004064
009830
005597
019950
014412
004245
000477
008791
001205
014110
007558
017785
001004
012033
005249
016764
011448
008958
002272
004222
004011
013593
010185
009589
017294
005804
014335
005475
005749
013254
010617
004745
012501
009021
005603
002649
010616
012755
006416
002640
015496
012766
012931
005027
016645
013006
013219
011030
006572
012327
018694
015384
015665
017970
009120
018767
015530
000942
002735
008561
006687
007694
011622
019178
010181
011688
013934
016601
008934
019365
006717
002337
003899
008430
001766
009618
007365
014446
011643
019596
010354
013737
019796
018684
014815
002774
002984
015855
003870
000178
018922
003375
018743
013235
017978
014557
002736
009960
005261
011504
000334
009439
003419
007360
013862
001603
005280
005630
003043
003667
012049
010335
005233
004932
013284
011434
009354
001089
010183
002127
003691
008566
003843
013335
017123
019420
011446
002247
011714
017905
001598
016863
000597
019979
004008
019597
001747
001374
002727
000500
018162
018695
017474
004917
015757
007087
004404
002088
010232
014255
003902
017073
015632
005414
009115
001655
015024
003819
006606
007941
007935
013194
002253
001159
014350
013963
000777
015613
014321
013299
009925
010968
017432
002875
009232
010791
006827
007074
014416
014589
014411
016095
003483
010058
013165
011078
019574
016958
000783
002827
006253
017723
001155
016760
016438
009056
004261
008519
014609
012002
018103
005144
014581
007135
010108
010757
017331
004110
009005
004264
019088
007355
000824
019513
004871
015206
019009
006922
012285
009887
016378
015629
008237
018091
009570
019472
009722
010682
019126
009160
012339
016613
018821
019347
019327
013837
014066
004936
001348
011392
003742
016893
009909
013413
012359
005356
011137
008940
015120
013431
004275
014051
000515
014658
000501
011172
002997
002219
013063
012455
014058
019311
011942
017008
012739
016264
009180
005569
004490
006878
001183
017446
012793
006148
012459
018386
002383
009750
017901
018026
015928
014374
006656
001714
017851
004352
008298
014759
015330
005823
008097
013809
015673
008287
018709
014014
008436
009752
013082
015747
001635
014193
019299
016935
004281
017417
015422
006855
019357
011924
005230
016735
000522
006176
017711
014092
002952
001718
019688
018409
006616
013087
009798
017471
001739
009511
002871
007672
009593
012166
014459
001639
017111
011130
011883
000700
011689
013463
017806
001325
015809
009392
002366
004974
009471
002575
007097
006326
015233
003482
005210
017070
013788
017643
014608
018283
003345
017288
018792
018646
006376
013118
013546
009095
014308
013370
002434
016144
010490
018025
017256
011673
007409
009476
006748
008411
002608
017646
002671
002180
000779
016359
004876
016001
014234
015150
015295
003758
009681
004622
017516
002478
001252
003300
019817
013464
006295
015252
012972
016856
012724
005410
017464
003145
017145
013297
002349
007300
019927
001047
001755
007546
007975
010164
019493
004922
002576
011118
005254
001212
004238
001804
010169
000633
009462
016390
011921
008978
009772
012826
009264
013524
018102
010755
017748
015895
006722
004971
002343
000755
000938
007500
005126
005914
008788
010127
017260
001048
000940
012156
006724
013778
010495
015176
019165
000580
005477
016830
011255
004418
000640
008055
018937
001195
014887
013114
003327
001843
017971
014662
014871
002064
007643
014958
003831
007631
011335
003941
017246
017241
005234
008821
003980
004362
010436
004056
001990
002775
005984
018411
011989
001231
004600
011486
003028
015668
003672
018345
009701
009292
018397
016367
012462
009650
013725
002706
008468
007025
008406
009688
005329
019750
012342
015104
018979
019516
009214
014391
008386
009638
012686
019174
013697
001532
015681
003624
013787
001058
007204
014476
006007
016910
017626
019492
008539
002258
009961
012020
003499
013901
000402
012100
013595
002724
000336
013886
001303
018100
019288
002834
014719
017801
000315
012689
005006
007076
019962
001249
018897
011121
012534
017496
014664
003185
019107
013474
017134
003154
002186
019614
011729
016889
011528
013514
008579
019063
009647
018879
014007
003323
010967
009877
007609
013552
007246
013757
017110
008961
002918
006113
000621
007602
007747
015314
000589
012870
005912
011162
019162
014824
013366
015110
006379
011074
004741
001170
005765
005490
001318
005162
004813
004896
010038
001075
007960
000147
017337
017186
004166
016342
002164
005015
000883
002987
016320
010372
005319
006716
003143
011128
019435
006440
009151
008852
012187
004656
001210
011097
002907
013283
015063
008712
004498
008882
001356
009948
017634
009505
003169
008554
005301
016465
016288
003531
001704
010378
017227
015454
015322
010902
005512
011116
009008
011717
003658
017850
012115
014744
002073
018629
012762
011073
009836
017714
006218
016235
019972
017543
006089
014814
000612
012144
008776
017606
019146
015333
011887
019816
011295
006110
019346
018880
002151
012059
010280
013981
004391
009251
017914
009062
015453
004220
000902
008488
006451
005652
003673
003876
016445
016669
002459
005962
013483
019254
014389
006105
011028
015887
013361
011340
013320
012591
015589
011155
006984
007470
017167
002726
013201
010741
002027
010936
006991
018716
019187
008019
003408
013530
001338
014637
010752
012599
000464
007817
008142
005572
013323
018080
005818
003942
000802
019185
003833
013226
002493
019145
014433
012770
015737
000159
017198
017262
002511
007984
019417
011651
000212
017815
013646
002268
010996
011087
001796
005096
013295
014312
014492
001723
000322
001996
000036
015289
005845
016812
015210
015799
009963
004598
010984
008299
004603
018194
008865
012194
000732
014087
009578
003845
016633
018063
006546
011808
003595
003689
018748
013180
000980
003467
015465
001197
001808
015670
000425
017865
010010
012749
013084
000860
015685
007563
007144
007638
011827
015641
016387
007591
008128
004827
009246
016980
017467
007102
002494
009521
016493
003421
005046
012958
004941
002275
012003
016439
001695
012093
000866
015118
003900
015199
001140
018109
001607
014924
008065
009147
010529
006712
002356
003590
016819
006432
005975
019113
007737
001832
010704
001437
007128
009113
011441
012159
012429
006601
015450
013689
015396
001083
016368
014903
009256
014960
011691
004759
016178
005647
015444
015580
001309
017087
015174
012041
017771
010509
018175
000004
015677
009831
015806
007593
003429
019635
008510
000823
017939
014965
001426
000881
018417
002904
010465
014803
017700
001518
014993
013074
015735
018432
006156
012600
008387
016708
008663
005889
013252
005012
003657
013437
013686
017650
015446
009683
005903
000673
015517
002119
009983
009381
006058
005726
011001
011507
014420
002323
014508
012044
018753
010252
002358
002242
009561
000896
015394
009706
007651
017841
017222
005296
012101
008491
011330
000762
009319
005979
002516
009834
019840
009608
019662
003569
001712
011259
013663
007358
014768
007670
016354
001934
003178
010915
013734
017339
019374
006112
006023
010320
018181
001434
002824
007239
010613
003872
006271
001227
001539
012907
008872
009435
008114
006811
017338
019155
009781
011657
014083
006675
005684
004116
008889
001294
008330
008555
012143
018055
015868
004914
008710
004205
015015
016605
002916
010433
006288
017710
013177
011803
002142
018048
006974
008752
009265
018322
001756
001954
011828
016968
017149
009066
000288
017740
005855
010839
006015
016791
009921
014857
007920
007405
017519
007548
003797
007086
000893
015211
006830
019322
008774
019713
011241
014796
004083
010043
003378
009496
008242
000469
001060
006402
003190
016746
007218
011006
017776
009807
001543
001320
003669
012019
012832
009152
005304
010699
000422
015815
002877
006073
002013
009497
004440
014153
012695
004899
007213
016932
015599
009784
015478
017306
007472
012316
001507
002529
010073
001098
004673
001919
009998
019494
017368
011322
003785
005517
018533
004197
001369
001116
003716
009336
015316
007378
008409
013422
000525
017166
009768
009247
018719
008092
007878
013198
007263
002611
011291
010115
008355
016585
011274
017968
013144
016530
000910
007649
017682
000489
010647
018833
001528
010961
015824
002641
005074
016773
019256
011642
008017
008389
004076
004129
008954
005708
011548
013242
008863
006777
015023
015045
004122
019073
001700
016088
008560
015984
017158
015780
010297
010314
003009
011860
012581
011012
014984
000804
011831
016727
012026
005934
012936
011476
018670
016759
015760
010558
002363
019881
019375
005491
019698
012583
010854
015036
008286
011766
009112
007700
010174
017402
016123
001529
007042
001304
003109
018512
013041
007176
010524
003264
011141
007361
013009
005394
001605
008611
011900
002120
012283
016576
014624
001537
007847
017739
007865
009387
009320
002353
003422
003823
014591
007915
004127
001602
004435
018840
015726
014443
010821
003221
006363
009575
000018
007457
010607
019757
009294
000343
018138
012891
014527
010976
016529
009965
006496
016742
010203
014099
018330
017091
013499
018479
018941
011309
007119
006869
016864
000099
004670
015365
016554
000611
004812
003650
017902
009746
000513
006136
014210
000462
018111
009437
001109
015645
009979
015255
019099
013328
008028
001067
019112
016053
011930
019454
013003
009981
009811
018977
019007
004358
006735
004574
009023
008612
009227
011978
008153
002069
010994
013260
012765
018179
012437
011749
010775
009601
006476
006826
018042
002334
005011
011400
012132
019742
000260
017956
014705
019377
010771
018623
009806
004931
012982
017512
006657
004154
000270
005977
012094
012532
011497
019890
019431
019899
003197
017965
014488
012643
017176
006160
006681
016765
006913
017255
008274
010363
010781
012675
006956
018171
006982
006042
002551
016745
000176
019566
001257
012681
006628
009710
010152
009463
012009
010488
017802
019930
013289
001470
018403
014186
018700
008893
014968
016689
007962
000225
008379
012086
008970
006066
016029
016170
000266
002300
009393
008394
016698
008037
016549
011958
018641
007622
004689
014603
005858
003777
006782
010205
006357
014068
003950
011451
005932
005717
004274
005656
017984
010443
016828
008585
004269
019898
016548
019660
010574
002116
018835
002441
006633
009957
013835
012330
010993
019395
009433
006004
000385
006997
004720
012839
000827
018703
016243
017442
010262
016302
005088
001209
002035
005398
010390
013400
015654
015539
016690
012639
018257
007415
018468
015074
002117
007543
002498
005596
005613
016305
005372
011326
015655
015880
016486
003479
003954
017174
002193
011461
016237
006627
014833
002154
019197
010914
013418
000914
005214
016442
011425
011711
003766
015360
008516
003655
008723
006650
009988
000199
006861
018926
008728
004980
012745
015573
007274
012057
015344
001194
001259
014251
002472
004081
001230
018220
017247
018359
006383
009498
002944
009867
017460
009213
009637
018784
014826
014568
010684
018256
006581
014162
014813
013621
018068
001352
013938
016067
008670
016395
015934
011382
017875
006224
009692
015404
005248
008413
004278
005077
019438
015971
014878
007674
002221
009865
016723
003853
014931
006016
011285
005886
001818
012768
002420
001306
019220
008622
018013
012560
002486
011767
002497
018222
016683
013619
016895
018962
010052
013866
005936
003946
014800
018308
000488
009970
018988
009118
010831
014385
011412
002587
019790
016202
005014
017645
010992
011104
014413
017102
009399
008766
014652
012232
000698
017524
007646
016277
016393
018307
003008
009749
019922
013843
004458
017754
002689
010377
013895
018011
016511
000051
019175
005382
013172
003157
005097
018575
018754
000573
005614
013753
011159
017012
002172
019571
008477
001694
014515
013383
003433
006671
010631
014724
004489
015543
017243
012985
008907
011119
018363
015619
005071
005702
002014
006766
012249
012178
014111
011645
012983
014810
014935
003515
012346
019101
015076
003069
014859
012215
001414
016899
006927
016027
018280
012189
018702
018114
011003
015052
008256
015326
005764
013061
015162
004966
010715
016281
009225
013273
007734
014875
015713
015851
007630
009785
016994
017298
001878
000048
007098
010650
010595
005447
001317
006127
011660
002719
012702
008251
009263
018136
019127
011898
007343
016479
008210
017788
017503
006221
019404
010507
008906
013650
011662
016383
019391
003802
003172
009298
006677
009079
011632
004723
002597
017622
006639
008421
000664
014536
003974
000840
018213
012063
011855
016790
011472
013534
007003
002782
012407
009641
010713
008569
018362
004754
013946
012572
002341
007703
012108
000913
008984
004089
015892
017371
013421
014118
001741
017688
017735
019029
000404
018099
018434
005816
008050
015827
007385
003099
011510
003245
000461
000438
013015
017078
008124
006730
014082
015625
009805
001991
004843
000509
017295
016082
017115
010678
017473
016684
015917
000061
014168
017692
009770
013692
014617
002642
009551
009519
018297
017326
010944
007779
012181
016482
017164
019119
019657
014131
003384
014788
012392
014019
012701
001858
017147
018951
010732
012129
014653
012296
014537
018912
007422
016042
014734
005440
011168
011687
011908
004549
007269
018613
016693
015362
019814
006385
014253
010008
014710
006230
010456
019390
002309
018147
008790
015528
015388
010655
002661
000796
018021
019985
010767
010346
010912
008070
014720
010990
008894
000065
005502
018898
003030
005431
018975
000956
002853
013800
010697
009138
018626
018837
007547
014418
000594
017603
006098
005877
010313
009720
006275
018954
004660
005051
003179
014305
008360
009531
010311
013849
008538
009931
015854
016043
015594
015339
003386
015324
014453
004469
005814
015817
004105
019849
018810
016172
018250
017235
004878
014822
002609
002422
001527
005166
008671
005253
019708
007123
014405
010125
006626
012721
000200
003925
019880
017582
018655
008234
002777
002340
017982
016357
003134
014328
010794
013141
017757
018957
009844
002513
006029
011313
008780
010296
010367
018380
001992
011558
008207
001321
009243
011211
017528
014261
002804
016155
014944
002931
010964
018601
005926
012307
016251
017763
014352
001018
006799
002737
007495
013127
012297
012000
004701
005715
010039
002922
014366
012208
005160
015819
019934
019016
005411
018309
004786
016753
010086
008445
016483
019067
001802
010389
010982
006993
008289
010462
012961
006313
010597
013834
011375
013424
013352
017563
005302
018158
013645
019321
006552
002194
008116
001504
016315
001517
016786
014060
016149
008282
002093
009866
006573
017196
009255
016468
003798
007008
017168
018139
014594
019334
012666
003539
001447
013333
014951
017993
006274
016875
004254
019043
014500
007846
016386
010021
005161
005342
015522
011526
017779
006408
016962
015700
009990
004780
019011
007466
015213
005558
010227
008096
019403
003037
003636
013125
000327
018984
000377
010202
017758
004915
018131
010031
015154
017315
018079
019325
014828
004978
005148
004260
016942
015890
002536
010786
010740
004704
007552
015901
017860
003373
006968
011183
013599
016303
013102
000752
018771
008174
017922
009220
013670
019603
000649
019483
018686
009726
014474
005736
013494
017343
000077
018667
005633
003078
013813
014648
011928
001565
001049
009257
003343
002198
001597
007792
003349
010140
004855
010190
000899
000262
007216
009419
010979
010875
010517
005605
007000
006459
013748
005235
017676
018571
004207
018656
019719
005636
012335
008035
001467
013573
012984
001431
012291
018418
015989
002179
013162
001275
014475
010047
007550
013128
004644
013810
011489
019732
003324
019277
003080
003313
017485
002332
016161
015546
005469
003571
008218
015386
019867
002502
016673
018537
011108
015705
013807
002535
013585
012660
019650
010543
011648
000372
012716
010872
009001
016360
015272
014015
003444
015178
003452
002024
010582
010663
004339
014050
015612
005375
015328
000098
000202
014618
019694
017554
008627
017925
018331
000276
005579
011995
013073
014150
002212
011955
013693
000569
011731
003184
012603
000583
000915
005277
000686
009840
007141
012855
005196
003218
001516
012602
012228
000298
019507
000873
015278
013315
016435
004051
019771
008397
019081
000435
010083
010394
011702
010542
014113
002789
002282
007400
004294
000307
008276
014760
010744
009481
007315
013111
014000
014525
009098
008244
017596
006033
003497
009306
015149
010983
002424
015266
017882
013275
005200
017049
010511
004799
011337
001219
004322
010321
016874
007540
001795
015567
009504
013222
012528
006975
004569
002948
007671
014327
018487
014290
015640
005017
019728
019864
019754
003094
013251
010056
004999
009236
019314
006236
014436
006465
011715
012329
016319
004623
014529
009006
008543
000722
000436
018996
011263
000600
016496
016709
007024
002731
016394
003485
019809
010785
002155
004703
000798
011589
013751
010325
008039
016428
001824
001463
010255
011903
004568
019410
012802
009975
017278
008196
013859
005840
013594
014752
019920
016565
010424
003356
009943
007390
002355
006065
008672
015701
003532
015297
016007
009859
010480
004247
013559
011358
007735
012206
000367
006361
018259
011802
005387
003031
012730
012174
018980
008880
011829
009204
009374
012320
013325
003779
015378
007309
000843
010374
019458
007491
011393
018230
018766
013641
007387
019259
008312
015269
014792
002291
019875
016920
019089
019637
015370
016112
012894
007782
013187
017937
009532
009028
000375
003684
007893
001981
015336
019033
004425
015697
011237
010438
012619
011923
007698
009804
012722
015327
003585
014883
004903
007185
009939
019937
013149
007354
007271
014185
008775
018903
001801
001637
009325
015158
007742
015842
010080
012589
004271
005540
002809
003503
011755
003948
009780
014964
008687
014742
019228
002111
016265
009491
013872
019502
012068
011414
000215
012710
019042
018762
007937
008013
006226
014751
013711
004662
012361
010470
016087
001241
017100
009809
005748
019006
001847
011120
004209
003070
002007
004441
003852
001305
019125
010787
018450
019622
016527
002195
008301
014576
015787
016448
009480
009667
008273
014388
011514
017336
005686
007985
008294
013603
013519
015746
014343
015001
009878
008812
001915
019044
004807
008879
006959
012469
018108
006463
006143
002975
000235
009767
006649
012126
000844
013095
014966
005956
013357
004984
002769
004349
013961
015940
014651
016987
007223
017527
002967
014799
012644
006426
013622
004337
001813
005807
003354
013253
001910
011581
007832
006818
011148
004930
018185
017559
011243
001399
018118
006911
005040
003826
004284
013024
016736
003551
004428
003987
007207
000977
014085
011117
005742
015355
013028
004505
015672
001759
014767
005275
000295
011312
006175
006108
010547
007496
001367
018486
017964
007763
013789
006536
006692
007007
011348
001449
002443
009277
017808
014242
018857
018453
000317
011962
005638
017866
008284
012340
015366
011008
002015
007284
007287
003476
006239
005129
017223
011296
014149
015491
019726
014264
019894
007883
006585
001946
004429
004495
019121
012112
006071
018568
011986
009370
014831
017203
014507
003412
002811
009199
009669
008099
008191
004860
002546
002367
010931
004590
012152
000780
009291
001239
005964
010711
006856
014381
019788
006797
011563
013860
008927
001297
004681
017480
000138
013831
013427
004276
011885
019046
003173
011454
006227
003989
000551
001329
008800
017194
008292
008472
018341
001025
019740
016566
014977
002097
011530
018992
013197
005838
011727
004020
014052
004518
001268
015088
018680
004381
019446
011832
015637
013672
007433
000876
017494
016658
006329
003044
015170
017774
003299
019078
002206
011545
003516
004533
002045
001502
016047
009603
015265
000128
017820
009731
003869
007923
004929
007934
006786
017482
013917
013206
009097
011230
018015
017920
007918
014851
002201
005415
010572
015707
002432
005893
015352
006107
001396
013565
018830
002903
002691
014300
012780
004509
015319
018358
001596
018995
017961
001384
008022
010588
016792
009744
014991
015031
006106
006523
006146
002259
001274
000011
015216
004869
019152
002639
002622
005995
008563
011123
000925
004804
015987
001612
016179
001468
004026
003205
008475
018989
019489
011784
008443
003642
008747
011732
001601
007363
012873
017233
008385
003396
005820
000113
003489
007606
001430
007814
019232
013512
010736
004047
004072
016150
012199
006034
003405
016372
005645
012097
016430
006909
003122
004413
010714
007211
008005
001812
008041
006963
007376
003610
009431
018664
012293
011925
010130
012967
013541
007733
002988
014203
018112
010619
003446
011970
017488
012286
011256
010683
016663
015449
016050
004111
017846
013773
014344
012076
014872
003674
005347
013069
019714
016731
017597
017725
003654
016329
004691
002250
010516
019223
012087
008454
010500
016301
013324
016578
011901
006435
010612
013915
012592
009434
012168
006430
014270
004258
014147
005580
000265
016451
008120
002963
000838
003791
017133
008643
011665
012274
001769
019758
011405
012908
004379
001389
015433
008803
012822
015047
019231
009203
016062
012128
018492
011419
014781
003123
015160
008111
016424
010218
001530
005443
019253
019443
019137
003052
017010
002561
019316
003835
017772
015487
017170
017782
012525
003401
002981
014739
006965
016775
014427
001503
004359
010869
005341
005988
000141
018548
017879
008093
017880
006738
002713
015756
005584
004651
015134
002722
002732
017830
011927
000229
001036
010412
011606
017034
015725
016734
002941
015744
019712
015288
018454
001836
009084
013936
000012
016253
014636
018813
003958
007833
004090
019293
018177
010347
006908
018028
009730
003956
000278
016423
010013
005772
008696
011813
003787
013274
016105
016286
005054
017638
017890
018816
010657
000660
002680
006713
010611
000566
019189
007369
012646
008959
004619
008339
019194
018934
008564
015869
013276
004184
017537
008657
004212
013971
012504
010891
003472
016128
010343
002894
007159
001137
018946
019759
007352
010359
013643
014119
002292
004953
003690
005154
008222
012154
005516
003759
019822
008317
003118
018643
008625
009090
008656
001549
005844
014888
014229
008410
013609
012412
002651
015190
012610
014062
006214
008548
011933
016556
001056
005168
019548
009502
019956
013932
001642
010686
002820
013027
013457
003671
016966
014638
019821
017953
016459
000958
006622
009217
002284
006498
015004
014410
010676
007695
009778
012694
007855
017120
016514
007752
003591
017304
005185
009890
013385
000648
002678
004900
002607
010972
014688
016168
011770
019450
003723
012921
013232
007582
013137
009444
009620
019218
013244
012124
003019
010091
012027
017828
004781
016458
001497
004200
014544
004802
006031
007260
014588
014592
001620
004263
002021
005907
003639
004638
002955
014422
006217
010070
001438
003130
003815
019644
011224
005945
015347
018426
011439
019470
019760
010045
006662
013416
001151
007696
000038
018990
013265
008552
015503
006514
012308
019865
004949
009695
004939
017483
011035
008067
012390
010848
010653
016953
012804
001748
018967
019925
013954
002003
014256
009657
007961
018919
001043
014296
004006
015768
011169
009863
018153
000982
007106
018146
015375
009685
007391
007127
006088
012125
002788
018183
010201
017463
008201
017251
016045
002058
009783
001980
007991
010283
016534
016287
013450
018369
018370
015648
007969
005924
019339
001908
016788
013992
009501
014635
012269
008361
017311
018145
008930
016654
016973
009071
014933
005774
011571
017509
011191
005391
014747
001425
000596
004366
006637
006325
005264
005617
017574
018585
018927
014145
007942
005358
010762
007903
004594
001721
019693
003141
016704
004563
017207
008929
001865
000355
009209
003631
001555
011981
005488
007801
016271
008796
013257
005587
017283
004012
014291
004986
015060
013629
016052
011475
001574
018918
019052
011775
018698
001440
003501
014243
016620
016586
011302
010876
011235
000831
018586
017686
005288
006490
004990
018010
010251
010050
019117
005008
008186
009926
006396
003416
018551
009060
002296
015271
008073
009141
005985
012306
009013
004555
009347
009483
013567
008677
011368
018163
006545
019988
015764
012827
006452
002059
005117
005591
012396
001749
012574
008461
017172
002554
001484
011457
015185
000692
015030
003930
012735
007402
006902
007267
003608
014473
009377
012051
002018
015468
001702
013631
009218
019370
010648
008021
002954
003216
001181
012725
003368
011772
018501
015667
000632
018204
010019
012535
007484
014645
018619
018696
017454
005487
017023
016333
005191
012271
013679
002188
008080
006415
005082
019642
012848
014666
014463
000206
005141
006971
000195
009719
004354
009400
005611
002604
015627
002374
015646
017097
011694
019424
018228
005021
008568
007532
018944
004330
004731
010384
009045
000284
013919
011009
012295
001592
017702
014059
000615
018818
001088
004164
012649
018478
018150
010765
000167
016296
009966
019186
017992
004434
010494
013153
019124
002125
001645
011047
003837
010870
001783
016263
012001
002178
000696
004427
008215
016152
002812
002523
001080
004998
001473
012463
005186
001486
016374
012877
007341
016337
010279
018395
000280
017976
004654
004951
006394
003413
008843
002025
007791
003443
018505
005672
001316
007787
016351
014315
003188
015136
006118
010150
005225
002401
014336
016099
006181
000153
019541
012548
014691
005481
018431
003463
011411
007660
004933
019349
012278
001760
011189
005340
017360
016131
018836
010310
017985
019970
008095
010628
016079
011876
004722
016164
016003
013680
015572
015608
001123
012202
009849
001763
000122
009953
004750
009687
008996
012645
003757
015412
004729
010113
012517
003725
013731
005218
014809
011151
019384
009443
013435
013218
019000
008792
000049
006955
012420
001653
007853
014497
012289
009311
000737
004661
008440
019237
016687
014189
009556
004054
002504
014349
002841
011095
013568
012939
013897
007957
016887
013384
018286
001840
002836
018960
010329
004996
019569
016398
002780
013292
008975
016892
004806
016000
017444
007675
008226
013193
014382
011654
009621
012987
008063
008967
013345
015999
013577
002914
004483
010971
008798
018085
017118
010866
006478
016353
016916
001964
009286
004586
008968
016824
006119
002439
019201
013664
015831
002517
016068
019200
008522
002266
007810
016216
016241
001780
012102
013044
010428
002773
004976
002137
002857
014684
019671
009776
008391
014184
006117
007083
006835
007416
013526
003944
002707
017279
013108
002791
015996
006809
006547
018541
004307
014693
019419
008955
014267
004773
004430
014195
012045
011740
017562
001971
002876
003617
005896
012200
009588
011050
006819
007953
001951
011999
016631
006367
012595
019830
006784
012835
019779
009881
018884
002699
014847
013935
019908
011618
014176
001670
012017
014397
019600
007549
017747
005501
014037
012079
016339
001794
008119
014217
019279
017734
002136
009404
014593
016985
015795
018832
015564
014435
011364
009451
001139
000574
004334
002311
003749
019013
006154
010977
017390
014318
012662
015115
018371
004181
010339
011678
003621
002246
001860
014841
006540
001443
010804
003283
013358
001099
015789
012782
013459
004344
018627
004267
003920
012497
007168
003848
008252
010496
004479
005729
003841
009128
003402
001422
008797
017092
017044
009135
007657
009820
019928
003784
017897
006640
004049
006111
006768
014614
010838
013258
001669
014010
009039
002017
003200
004789
018069
002757
010024
005610
001149
015212
007100
007506
019421
007536
003735
009026
010322
000378
018224
014190
009215
002810
006926
015844
002989
010654
019853
002644
005716
008553
003170
011835
012858
003945
010429
001332
019411
016473
009190
013212
008221
008009
005333
011190
012807
013684
008087
011653
017333
019008
013724
010835
006319
013894
002959
003703
016798
009904
002837
001202
016130
008323
012081
008123
018524
015093
004299
004493
011260
012707
017215
009713
005606
005450
017237
014590
017384
017450
004016
013425
007914
009901
011536
012910
016388
013155
019558
015079
001679
011684
012109
003081
013294
014228
018353
012719
013508
008651
005357
011201
012871
013313
006849
016192
007659
015547
010726
014558
008149
014017
014699
017379
002269
011685
002382
019647
000409
007488
002890
006149
010316
011077
014929
019581
017775
002543
010240
008291
003886
006433
016567
002370
006501
001052
001286
018328
005112
008113
001282
019652
006009
015823
018074
018202
000446
019619
002433
011661
015889
017854
017996
006661
005294
019911
009763
004364
006104
015046
003807
016037
003380
007508
014316
007692
008972
014360
018668
000252
009518
005321
017107
000420
003303
010935
007436
015794
007710
019238
001232
005182
001687
002166
009654
005718
004599
001085
013147
006596
005002
001359
011064
007912
004531
017389
002460
015610
016497
006178
017951
006352
001045
005250
004242
014470
006979
014898
012881
007356
005625
000217
006930
003144
014934
003838
005255
011991
011683
010409
014302
013031
015834
010666
015358
000043
009223
016597
010018
003227
006808
008842
002929
012219
008371
010261
007845
010124
001488
003559
011936
013159
010783
014345
018076
000693
018878
018314
019258
000330
017163
014928
017523
010536
010721
013123
002902
017429
002664
015524
010761
011906
004744
006265
007578
011773
013466
009455
010905
019338
004989
001754
001122
016872
013310
009398
014439
002388
016499
010350
016517
003319
017564
003234
004685
004045
002285
001926
005498
005184
008799
019427
008591
008388
010420
000172
003399
001995
009164
019623
015734
019829
010481
001765
011192
010843
006915
008248
012630
002806
018783
018791
005632
014309
016832
008629
002998
016092
017359
014347
000184
003767
015921
013626
018290
008045
017752
004553
015620
011698
006419
000668
001342
001580
009448
001720
002096
015055
009585
005290
006090
019317
018014
004680
015125
004798
003301
005503
007523
003581
016776
006703
010213
000013
014764
010306
003150
012356
008835
015976
013272
006774
014008
001792
017565
018772
017490
008513
015730
007257
018354
012875
003568
018721
007483
009445
005916
012013
001371
003304
012626
013208
013060
011144
016642
015587
014683
011844
012302
018885
012685
012981
000966
012759
011270
019858
000407
014743
012427
009081
002062
019811
011132
015469
003086
005009
004698
003747
017017
012949
014741
003504
011204
007156
011847
001827
006813
010360
014770
013769
001121
005770
016153
007115
009250
008306
007394
015642
003701
002693
016898
003258
000517
009674
002400
018747
016397
014889
005590
011303
015536
018182
013140
009576
002338
003047
016931
018931
010965
004133
001405
015458
011969
003708
017666
002031
018793
002840
009574
018955
009346
004277
015698
014055
007359
016671
000862
000293
004213
010779
001169
015283
019136
007034
016770
002637
006053
005874
016182
007844
015284
006299
019944
006872
016934
004528
010380
015026
014879
006910
017231
008262
018287
008830
015743
013038
015305
016769
014045
011984
010466
008607
019523
005963
013729
006843
011261
016016
007426
004403
017022
015811
015189
017075
012925
003096
018891
006688
018034
001638
007871
004088
018632
014320
016537
003199
003257
019611
019604
019210
007772
008133
016722
017511
009196
014307
002418
002552
008818
002632
001265
006565
009682
014133
015679
002350
001429
011722
007136
000847
017095
005039
006931
000749
001373
002995
017623
003878
004945
017979
009461
017245
019739
019266
001884
018727
004564
015551
012955
017733
001267
001751
009055
017144
008223
010798
016925
012424
006245
000858
005369
002239
002531
007608
013649
019710
011478
009050
000326
003379
014006
013780
008426
000285
006461
006815
008203
005553
016318
015905
001179
005880
018976
011850
009313
019557
009591
006095
018987
010442
006607
014812
000069
016612
006521
007348
010738
015554
014721
005790
007280
007206
008490
005138
018312
000828
007171
017002
006321
009235
014771
010317
001901
011160
011527
016625
004187
016109
015616
013755
008979
012959
014013
009283
003214
004907
007346
010745
013301
006305
009059
007313
011083
004774
019939
015040
009386
003255
012169
012663
007781
016520
001336
009477
015993
015411
018746
019515
016348
001143
013677
007520
011699
016017
012849
017200
007252
004688
019180
009172
018305
004575
014729
000070
012922
002800
004948
013255
004041
010929
003236
005739
011049
010797
002770
019477
016014
005509
002157
005862
006728
016031
010515
006864
019607
017240
011093
017911
005895
012819
001150
007070
008281
010788
018104
011704
017655
007406
010777
018710
019658
004921
001125
003533
011718
003033
012010
010842
012376
014125
002147
000140
005848
014372
012510
004771
008044
018282
018077
014332
003132
019350
015906
002603
008763
012872
000849
016650
013510
001686
007444
013103
000970
007227
008917
016666
011948
014194
002799
001560
010528
005541
000444
016362
012474
006421
005271
009824
003555
010077
015803
013924
005986
019669
004808
019598
014311
004790
004484
002888
000139
009403
007927
000496
002158
014322
001167
003786
017114
012375
003932
018635
008175
009597
005608
019184
007130
019696
015082
006485
011561
014701
008304
000901
003896
016632
002500
000175
013666
001782
003963
006542
009416
008007
001182
003646
011233
011033
000605
010665
014961
014280
000150
007188
015068
001535
014469
015961
013154
003739
005318
015871
000712
015409
009711
003721
004756
012397
007383
014897
011126
009409
000480
001593
008856
009660
019488
003842
018966
016002
003697
012323
014978
005105
009200
012632
014551
001222
003694
016429
002956
011975
010911
019324
010769
017627
002298
016470
018933
009333
007222
007158
004433
016194
004144
014604
002128
013388
008198
012777
015264
015275
002426
008587
017669
000711
013965
014732
006233
000231
010101
010122
000056
019414
009314
017433
016562
006998
012551
006449
013392
001061
002625
014849
009070
001705
006575
015203
010082
008357
002596
000111
007732
005436
002449
018892
019487
006834
008220
018385
014696
004800
015273
011152
007517
011890
008451
012024
010234
010192
013966
012998
010590
016300
002122
000126
010534
000753
015617
002236
013037
014487
012833
004911
007988
019945
016233
002167
016139
015584
006994
012432
019974
017584
001337
018414
018143
007874
005754
001969
017716
019242
011059
016635
005416
000988
019476
004396
018584
013933
018405
009047
018939
012794
014665
012727
010332
018683
006505
019872
015309
017621
003991
004675
004796
009617
015169
000770
016090
003679
019736
014088
013975
014137
001579
013537
008376
006918
010951
010060
007590
008156
016464
012773
011113
018764
006041
010812
014885
006632
019246
011178
005776
011029
015804
008068
005177
005859
007588
013365
004558
010253
016569
005620
002560
009458
006399
002818
010331
019536
009895
004829
000387
007886
019079
019249
011458
018137
004424
011542
008740
002710
018618
003927
016492
019222
010688
006557
004524
017000
000491
018581
015929
004695
000634
007634
002140
010385
011346
011300
016108
018653
016416
014663
012116
013216
019676
019230
001547
015000
007656
015992
004022
007840
002589
010591
015429
003382
016370
017063
014517
003305
010037
018805
015843
002940
002348
016557
000975
019268
004902
003693
016959
011500
015108
004679
015218
019440
017568
011175
008782
003997
011394
012612
016086
017204
015624
017259
004170
011281
004834
002802
013049
011242
017443
000852
014314
011344
017094
017131
003812
019602
013779
011774
006686
009355
001618
019842
009542
012220
011574
012216
000096
004851
016869
002851
012254
010815
017300
009594
001864
019381
010662
005173
015424
006429
009413
000333
016030
016741
004492
003537
000607
013163
005631
018540
006533
002697
012448
003003
008764
002566
003656
013183
010241
002725
018814
006116
004761
003502
014396
011058
005949
003263
002874
000999
015062
013495
002318
014356
004201
014456
015280
019931
019132
011503
018778
008296
004927
002821
002512
005873
016232
005674
003962
013351
000210
000223
015864
008253
015907
003814
009520
013661
003996
016171
008827
018415
013735
004545
002741
014981
013382
001986
003296
003683
006475
006685
018605
000286
004697
004519
015091
013675
013030
000154
011961
017550
005810
005139
000743
010117
006234
011769
012060
017127
000887
019018
005973
004991
003764
011487
017376
011843
019306
017350
006614
011018
016674
002828
015689
013247
017730
009308
003827
004092
004540
019721
015094
013482
004178
018902
013050
000861
016821
013598
003487
012018
005904
003388
013059
015950
001557
003000
010518
012011
013238
014247
015321
006424
014279
009538
013286
007527
013640
003194
000535
011010
008015
003760
012717
016651
007392
002121
019810
000679
014923
001408
005654
017416
015071
010545
005068
010847
004214
001831
017551
009562
001841
017413
008136
000874
013249
010084
008324
002177
006762
000396
000041
010998
008027
003710
008896
019824
013148
007653
002023
014313
003074
014599
010729
014798
008650
000825
000458
015016
003665
000281
001867
009825
016221
002129
009110
012979
014780
003579
013777
007872
008731
019017
003970
017394
012091
003907
013145
017855
008667
009485
017209
002054
007664
019023
018671
009861
004417
004883
013088
014995
001725
003596
013430
017007
012737
003390
016965
013025
012751
017472
008888
000964
015848
018288
018928
001952
009568
016206
016975
018855
009364
018530
005242
012573
012095
001415
018737
006977
006338
015980
006032
010266
014797
004766
004959
014380
002695
012483
010473
018413
018689
015353
010099
013578
005851
000484
016801
011069
012438
002415
016614
001152
016291
007774
003007
019616
007303
015605
000506
006297
005397
009276
000669
011878
016215
019084
013034
017040
001363
009365
014749
006710
004494
009130
001436
016818
010299
012553
011919
004288
015758
018786
006776
004327
016939
010303
005016
011417
003182
010295
002130
003289
003913
015776
007834
011953
019803
001697
006062
019326
016505
019103
019278
005707
012435
010871
003513
012537
005462
007191
010098
018044
008831
010730
011635
006123
008049
018007
002375
005897
016038
019305
005493
003167
000568
016193
000191
007987
007075
010975
001330
019591
000659
004239
006765
005406
002763
011251
014679
007805
016122
001494
006613
008187
009252
007824
016986
016540
002210
002448
011004
003100
019724
004801
006604
018985
013916
018620
015703
011758
000814
011343
011938
008873
006051
014323
004581
018088
003769
015570
001444
003223
018289
004536
005543
001830
005376
008462
015126
016259
013395
009898
002938
007973
016004
016886
011433
010960
009547
018634
000661
000304
012315
004346
017767
014532
017321
007716
016345
013765
000366
016712
016787
006049
001896
009740
005778
018384
016595
011569
009733
004182
018997
015143
007475
006207
004595
009372
014023
015638
008898
001161
001678
018334
018712
018735
003274
013243
002532
010105
008727
011019
010237
006315
011109
016064
002102
019859
011140
003983
001145
006593
015121
000376
009103
004196
016808
009017
008878
011166
006242
017613
008542
012801
016121
015357
014259
000023
007729
018925
011757
014987
007605
004402
018592
008743
010307
001432
010025
006605
018776
014922
005969
003005
015660
005750
018263
007304
013160
008618
017704
002473
008840
015924
012709
014535
010120
013444
016780
018311
019870
009889
018299
016846
010223
011112
015954
009913
018295
013340
001983
006474
013714
015443
000393
006951
015092
011305
019058
007594
019169
011817
012248
007194
002308
009822
000926
010282
017006
010348
019971
004776
015708
002288
015566
019965
000637
005832
017873
011763
018284
005809
000889
014615
004762
002928
009599
009775
003928
011495
010172
004821
001872
000875
014490
014598
015946
003687
016115
004607
003638
014337
004847
007875
002092
000834
012824
012992
014853
016403
011681
014842
011379
012193
002848
008213
008359
015111
013386
015623
015065
014179
011360
010137
004621
012577
000207
019227
004153
016417
009955
014597
004304
011872
008333
018072
017615
018446
006241
007311
009378
008054
000084
007439
009724
010258
006603
009771
008139
014511
007689
009239
019247
017675
009369
005589
006194
001131
011177
018795
018785
007644
008527
004816
000628
008584
016480
013964
004734
014462
002454
004168
009790
008787
016926
017915
019563
003567
013178
018522
002052
015974
009564
005100
011954
017932
009911
008729
000166
004348
018847
018661
010072
004470
006397
017084
001466
010532
019255
014368
004023
005216
008626
015351
015874
018612
016649
002720
015472
007380
006598
009789
004629
012969
010562
007825
011349
004893
000684
003468
005256
017386
003410
008783
019837
013967
009696
004361
006267
006520
011525
011231
001663
009465
015520
008655
012089
017140
010903
007827
004983
016195
014704
017112
016114
010274
001903
002648
010048
008235
012279
007896
011914
010924
007770
000761
015368
009986
016862
014606
001009
004667
018595
019264
006743
002419
007731
009489
001192
004485
001007
014682
004468
015440
015459
006223
011275
003107
003355
007084
002380
010535
008132
009814
009027
009999
005307
000725
002550
008540
015792
007129
008267
001247
016964
015267
007965
005480
015201
011893
000007
003035
005727
015574
006068
013220
003058
003792
017325
017319
015090
007917
005668
019646
005183
017916
016880
004069
012229
018801
004898
016851
010289
015882
005222
018577
000170
001406
018921
018355
012772
010707
014990
011264
014671
005220
014514
009872
008545
005128
013364
012812
002756
000681
018149
019015
004988
006250
000527
007116
009269
015348
008493
014613
006828
019791
018207
007150
017507
006534
005571
005407
019092
014711
000856
015908
019991
006332
012443
011941
015098
015089
015773
015346
008509
012845
005219
004960
011079
019280
003855
005640
001489
008138
008047
008131
010664
018935
002690
019641
009415
000185
000724
018336
011971
019441
005706
001092
013182
002738
000095
002946
003325
008030
007094
006077
019248
007251
016913
006159
000001
013533
000748
011544
008514
009737
016922
017588
002372
000294
012369
003959
010727
006789
019615
010176
009408
000183
011062
014996
003391
015519
003955
019847
001419
001617
006021
009587
002368
002583
018822
012167
006553
006464
011869
015549
009672
002393
004459
003397
007870
005511
016581
005303
004657
015418
008664
017822
009035
005170
018906
000584
014108
007587
001104
017930
015248
013436
012706
000894
017052
009170
009982
003095
012256
016627
006289
017995
000015
013909
004460
016071
005150
001069
011721
008479
002051
000772
001387
002700
001917
007655
018677
017817
012192
004167
018300
001987
015102
017310
004997
006268
014927
011462
003477
003039
002541
014973
014414
008160
003891
010404
004617
017899
001979
011229
005925
001392
000848
000448
009482
009611
004579
007808
009846
000310
002387
011911
000400
000706
013231
009527
014717
006582
003681
010341
013636
007107
018547
016528
013974
003922
010691
018472
005048
000136
017525
007717
000053
006024
001848
009760
002686
015061
012191
002624
013929
009989
002470
013766
011391
019599
016010
002986
003439
003128
019846
019041
009777
017289
008216
002037
008847
017587
015437
017824
002392
002019
002883
006209
007849
007091
014746
002578
003335
011705
017151
010430
010461
014938
017451
001278
005759
007105
006594
014072
008885
013855
017983
007012
018264
001970
013317
014466
000415
005689
012516
008008
005019
002095
004159
019319
016574
010144
011532
012950
003082
010575
014572
018535
007324
013988
006163
012173
002855
016069
011538
004556
012597
006802
008833
018725
019353
009198
016643
016997
017991
001427
015277
010962
001283
000778
012825
016433
016485
013721
009101
007009
009417
008753
002594
007160
003493
010919
015461
005325
000291
016461
005817
010219
014109
004956
014448
008384
004393
017677
014852
005595
012718
010193
013969
008211
009666
011517
016506
013493
015709
018239
002134
019183
003953
016151
011577
015186
018356
013977
008372
002168
012012
005837
017821
007796
011947
016807
014972
016621
018373
015932
016313
006133
001350
003060
012757
002936
015329
013412
009622
009100
018477
018495
015097
015106
013326
001333
014755
005784
005508
001892
008720
019673
009339
014805
002389
005902
018953
015345
004840
017611
007576
006158
011388
013532
002501
017348
004610
003162
012680
001654
009108
014371
011918
000389
005445
013984
002469
012896
002779
008665
009426
016207
004407
005536
013990
001852
001937
004938
013203
013305
011413
001978
000714
007374
011173
019457
011805
017833
014431
010194
013828
001819
001344
004139
014835
009832
010645
018690
013728
007902
016799
014586
014103
010671
017065
009469
019828
002423
001285
005042
012587
011780
013332
001281
019656
005660
002542
009653
014491
011771
013738
006800
011071
016425
019661
014542
019401
002631
000441
005549
012764
006206
001495
002588
009514
007904
015693
011934
019976
002599
011612
013762
001299
017903
015514
000097
019167
017975
006673
013540
010062
001287
003450
005538
005576
010111
012901
013097
004613
008416
000576
019659
002053
011272
009964
019025
003906
003466
009304
015553
013092
011578
000790
018856
015785
016250
002213
008589
016861
016752
014698
003824
011570
004737
017640
000429
007379
010419
009363
005876
018723
005267
003887
000998
005800
005346
016262
000570
001868
019718
016036
000641
007954
003360
003181
004478
018697
007099
001680
009639
000516
010453
014471
004400
006277
001566
018164
001324
006052
001845
002636
008647
007809
014268
008004
014005
000160
011862
019588
008735
006884
019586
008758
006043
015925
003565
010271
001706
010312
016525
005036
007190
018569
015294
018420
009289
002950
019109
006005
005735
010336
010445
003013
003508
004175
018401
003279
001435
006100
019389
001713
005466
014919
014353
001400
001797
008332
006500
000275
007741
003087
000695
015542
008515
000897
013612
009952
007339
000769
001464
002675
019195
016639
008029
006770
016056
001963
013528
008951
012914
015258
005751
013942
007397
008640
008442
008483
000705
018583
010743
000037
009359
018758
003224
005189
016409
018087
009565
012090
006173
009741
013080
011825
004853
019318
014402
003328
012303
002721
000403
015135
006342
018024
006897
019433
013539
013190
014773
008949
008945
015581
005152
001064
001354
012324
007816
003979
005863
002889
000109
001168
000443
010094
019969
018910
008340
010886
007980
018500
001289
008052
008811
018067
010520
006259
007662
009119
015342
006618
012227
015181
006249
010141
007033
011208
010468
007876
017370
000618
014501
016789
000163
006863
004582
015947
004249
010004
016256
013064
018223
014065
015349
000339
003634
007264
007432
015653
016238
010000
017132
000961
004504
007566
002864
000292
017076
003256
017701
009665
001606
005644
010151
014465
012419
012661
015805
018442
019485
018121
017199
008658
014758
007545
015099
017221
012500
014299
009176
011882
000354
009664
009628
005331
003342
004223
016346
000230
013164
019116
016700
005035
009086
006072
008471
000052
013195
010764
011845
003207
017520
014673
017489
012546
018083
017546
015053
015202
011620
003239
008588
005428
010999
019968
004567
019290
012841
009630
001508
014982
009997
010606
014784
016592
008272
016998
005574
016594
019060
015557
007023
019917
008914
016447
000723
003040
004682
016503
017722
011271
005821
011333
009245
011336
000373
008377
019980
017430
004191
014839
001710
013674
016209
009367
018463
015518
010441
001496
005968
016379
005971
001113
017308
000555
010444
006044
019059
004037
005983
000623
012475
019456
005728
002371
007340
000086
014219
006515
013706
006854
010333
003921
017517
018815
014257
010305
019528
005955
001625
000091
014334
003191
009614
016675
009602
007067
007492
010604
005865
012150
011170
004618
011509
007510
001514
005841
015800
004865
013838
018066
016217
015525
009166
014947
000277
006323
019975
016039
013723
013994
018905
017835
000241
006132
018549
013608
001595
006623
003363
014505
007217
009567
007769
003318
007071
013930
012134
012705
004001
003102
008373
019216
013983
009596
008161
003117
015779
019430
019471
006636
001909
006187
016691
015380
015315
018722
005018
001382
002200
015990
015931
014612
009548
004752
004055
006331
012752
006202
016729
015563
002248
013035
018429
012056
011710
006689
014301
005607
014107
007292
006539
017571
015919
006989
019885
000592
010792
001708
019919
016979
004179
013479
006838
014602
008365
008736
004248
006981
017195
017759
006851
010156
015497
016558
018391
003850
016604
001633
006676
010421
010088
005408
007828
002464
011084
009910
001887
005381
001050
016167
008504
005312
015943
000046
017036
013053
015197
006531
019973
009358
019876
012380
001724
001778
002169
004746
018757
000666
009845
001033
013548
017713
004160
001975
016310
003121
018326
018494
019753
010270
001465
000683
009020
006260
017030
011111
014286
011582
009958
011621
015364
013652
016622
006011
007562
000000
007945
013223
009466
012387
009357
007614
008624
017329
006152
004465
006801
007445
005723
015249
006368
004633
005032
002953
004934
007823
018017
011888
004476
008145
007831
004096
013962
013199
009886
013279
008390
012731
017366
015058
002846
012971
010773
014761
019209
019263
010627
001022
010356
015588
014945
015077
008526
018663
003547
010432
015387
015235
012239
008295
011308
014801
016659
006467
015253
009143
011752
013764
008689
002261
008062
004244
012852
005834
009396
009174
004390
003187
018978
018610
018621
017632
014373
008993
002138
007575
010809
006345
019553
011082
006746
012530
019852
009949
017789
005389
012354
010147
017378
012999
012085
013446
006195
000449
014124
002071
005733
004399
016306
013673
010463
001583
013285
010851
001779
007756
017892
010667
017129
013109
002613
014495
003563
004857
017180
001997
001523
014714
003265
003808
002056
006654
012180
009212
003336
006511
019312
018240
018593
019037
012348
004578
000090
016545
011195
013939
004652
013754
009896
019776
007250
018389
012251
001761
003597
007453
007900
017533
012084
007743
013620
010596
016758
017020
004150
015018
014384
004445
001277
017530
001000
006142
017955
012555
009267
014272
019032
015562
014245
003799
002839
005830
001204
013857
008460
003312
007521
002965
012292
017083
001482
017452
006182
002326
011922
001456
009228
011583
009826
009302
002302
001311
011092
019096
005780
009573
012326
001753
018745
011437
016730
017786
014631
017190
003803
009876
019938
007006
005240
010822
003923
013997
005616
017392
016568
006347
008228
008112
010679
002667
009326
017108
006756
000936
004306
014844
017791
016295
014174
012536
000351
017062
002068
016117
007209
014135
003282
015634
001141
000739
003261
007819
003576
006314
018135
019193
015391
005698
013715
009670
005374
009862
003306
007054
006254
012613
018049
002397
017224
011493
018860
012672
005351
007481
012636
012570
016653
007813
003854
002442
013613
001003
010304
002184
014187
017479
012488
007114
008014
017980
009510
001124
010422
010434
005700
013845
017586
000201
008239
016335
014512
008846
001020
018636
012098
013907
003220
000020
008412
011516
010503
006083
014100
005678
017755
004420
011568
012562
018218
007936
011483
004726
012209
006570
000911
012814
019118
001028
004446
019672
001787
008177
016726
005029
006211
018105
001224
004650
016911
013569
015736
019219
016847
010802
017045
014075
018706
019434
003018
003453
018436
015833
008794
017658
004993
017919
019396
000877
001646
019135
004101
018519
010660
012473
016550
007611
006492
001757
001689
015981
013248
005090
014843
001810
016129
012575
017715
017906
011011
016212
001077
012233
004715
017760
012929
018803
003755
010131
008480
001256
008559
006466
010609
011604
017635
005460
007557
014180
018854
017214
013029
000168
000022
011896
016422
010418
014250
017053
012234
007783
008311
014438
008268
015659
001189
010703
009394
015133
019115
004071
011679
014690
012287
003105
007408
004002
003385
019741
010247
009919
010157
004620
016587
007479
007244
015750
007848
013647
019543
008115
011540
011518
013318
001492
009397
008259
008635
010880
009646
005270
010054
002901
015658
002962
004437
008059
008503
018441
009153
014477
002384
016544
017011
001688
019366
013544
014212
017274
015829
008755
011943
016921
011416
003800
002175
002555
012943
006846
006198
004527
014869
003772
008246
006512
009048
004015
017421
017085
005994
017878
013801
004635
015956
019329
007901
012673
008957
012678
002061
015123
005691
016257
002582
012529
002030
010387
002255
008730
019748
018394
014808
008757
017797
014680
011512
000132
011154
019926
011005
004185
000474
017438
007362
011026
017591
017455
000452
004592
015891
007998
008036
010449
007052
006875
010381
019436
013899
009759
004432
017264
005871
010618
016166
004955
013507
017695
017135
016160
002869
008327
019274
008458
004060
018742
010119
014937
005563
018993
013976
013121
018808
018602
014855
003709
008737
018718
008170
013667
009022
002647
001957
010879
018350
012151
010301
008762
014152
003317
001175
007166
004480
013175
014985
014499
004062
002425
012882
009914
013043
016553
007922
003864
006443
004880
009864
009592
011557
002565
018480
005762
019504
018699
004353
000350
017407
009517
019505
010768
013079
013607
005915
007753
015293
014650
015550
006225
006726
017668
003871
019054
009040
003291
018889
001171
005875
019432
003202
004975
000631
016299
000240
012288
017664
003686
003367
004227
018262
004104
004814
019393
014908
013151
004442
017150
012520
003120
018715
009202
013875
000118
003806
011373
010076
017886
012110
007162
003340
007939
013836
019445
014718
016369
019761
008596
018900
011603
012160
010431
012781
014254
009430
012252
003229
019045
017618
007055
019289
003588
012669
016080
002939
018587
008977
011301
016908
014672
018514
004895
007186
002832
005951
005635
001351
011508
015684
012113
006988
008536
006418
005709
019351
015457
001586
008212
007465
016784
015781
007501
004866
013720
006298
001248
014585
004380
015035
004810
017796
004858
002490
006804
010407
016999
006537
005244
017068
014244
015571
015153
008100
011599
018916
011897
006412
002669
005730
007015
003583
006663
015509
016137
008989
017041
012406
001199
017462
006420
011852
002787
003166
003365
004067
017346
017019
009658
016616
005528
007489
013821
005954
006086
017353
018243
007063
002489
011288
001538
007446
010267
013911
018800
001924
017493
001094
003909
004543
010242
007728
006477
000928
008348
017557
018445
011365
018324
013355
008575
016836
009968
017732
001376
003993
017361
002208
009888
007434
004628
015002
014726
006944
009201
007259
008924
019653
005433
010836
018339
010506
002020
014754
000643
009700
018064
011871
008715
017800
013447
010281
013694
007026
007788
017840
018101
008855
006365
011630
011637
014201
004743
006709
013415
011836
002225
010160
006973
016163
017406
002764
006954
004630
013982
009092
012428
009797
009595
008531
011804
016489
006721
017659
013057
009873
012733
005561
001932
002477
004753
002342
011591
019832
016839
010896
011756
002833
017572
014634
019746
006002
009566
004388
019780
002417
013439
013017
001734
012411
004102
018190
002781
016453
016762
000345
007266
016552
013623
000675
012400
007019
013224
017434
003659
001340
013637
016245
015182
003677
006933
001081
016805
005045
011616
009992
012043
007065
018261
019236
014909
015788
016239
005720
003623
008871
002568
009679
002634
018428
014980
006669
012767
004473
007485
014904
014338
010841
006391
011466
004350
007373
016876
011600
001407
015772
015051
014394
003695
001641
013885
000507
014403
003856
018233
010497
010863
009182
011920
018198
013972
006576
007931
007092
002740
011973
011389
002943
008313
018913
004979
002961
005843
003089
019002
011282
003746
010552
008288
004171
014482
012314
017456
009753
001939
012815
017219
007952
016703
001255
014489
008195
012604
009486
003969
008146
005835
018538
008489
012952
014806
017061
007197
007863
005000
008318
015191
019482
002365
000738
001811
016181
016382
000237
013833
002893
000412
017081
000933
019102
005142
008214
001875
002623
015138
013840
019166
017284
016460
010369
003702
010379
007537
015231
015723
010753
010129
005618
009857
011728
003618
012720
018923
013941
003751
008032
013116
018799
006371
006186
014222
003295
019763
009508
004141
011131
000836
001245
000945
001675
005007
003435
016226
011524
011355
001683
003859
013007
011861
014284
000188
006400
016859
003292
010210
019767
011520
004094
000010
009058
000550
005441
015292
005343
014230
003383
011096
018608
011218
012364
003125
019387
007802
013065
000447
002114
004874
000786
018797
006489
018040
017484
008434
009208
016225
012608
014584
001229
013699
016902
008681
019094
004867
001943
016774
011250
001968
000076
001784
001138
006655
017580
003180
004928
012137
014988
018717
003457
007243
005444
012750
004640
012123
003662
018061
019745
011094
007180
005899
017270
016297
006356
002412
005552
009941
012470
013952
005879
016885
011060
014765
011992
000472
014545
008167
009221
006316
017861
012138
008937
008247
005500
017025
001397
015221
007821
003971
003201
013812
018672
006184
002251
013555
015331
006666
019360
004909
018126
010862
019260
005559
005649
016843
005930
004409
001479
016204
005732
003024
013369
016406
007778
006714
002795
011902
002895
006945
005643
004765
012099
010315
014807
018562
014025
005813
009303
007195
008240
012242
005792
004795
006403
016173
003834
002413
000593
001360
011841
018096
003426
012403
001402
019941
017003
016186
017185
012490
005084
005646
014262
013143
004884
011153
007525
015857
006447
006157
004295
008705
007739
000417
000734
000398
009349
010883
004256
003153
018047
008639
016126
012485
017071
013052
016955
006550
001217
000156
016328
019354
010800
009605
013215
012771
001413
012684
007640
007795
009577
005794
011783
006235
002043
019826
009606
016561
007237
015238
006079
004204
005028
012127
003917
001923
012513
010737
012584
019992
012942
019285
002650
018749
019743
012741
019320
011880
018272
019202
002937
012784
005003
013586
007299
002000
017974
000226
012758
019942
015706
006438
002455
008102
005929
007881
005714
004017
016203
001726
002798
001302
008682
008886
019336
011793
017761
017737
010954
006014
019310
019303
002683
008227
008271
013234
016402
006208
016522
013850
018521
012823
004828
016857
011421
005507
003795
017834
019378
002878
008001
001505
015916
019841
016364
019394
004259
009613
016145
002570
018890
013246
019459
005827
012393
013078
010042
000740
012183
000205
014191
015455
017138
010324
000401
014502
000442
014611
018812
005286
010557
008777
005371
014862
011357
007967
019562
002579
014032
007806
004548
001462
009441
014713
004926
018819
008110
002518
000059
015986
013854
019628
001758
016637
002761
001828
002181
012708
010584
019051
012638
003707
014144
012111
001483
000039
004161
013381
018823
011070
013290
015548
007184
011875
003276
018738
000702
019889
009703
011122
000300
010353
018271
007317
009539
011957
001556
017535
011221
015325
016897
011422
007585
011127
019629
014956
018780
004176
006038
009827
003524
012957
000269
014089
018874
011440
000534
003626
012514
008254
011407
018647
010550
005217
008383
017856
013239
015631
006174
015983
000557
019144
015300
013261
004532
017619
006796
002171
018554
012889
000256
006216
014036
002446
002807
012240
002760
004455
008249
011156
015531
017334
016983
016778
019907
011980
005798
005149
001632
003131
009179
012391
013045
017495
018211
005771
010696
004003
008641
009516
002428
018511
008660
018294
004286
003189
005524
015775
009635
010204
014570
011298
015913
018052
018930
006330
006304
013329
006823
008849
017408
018942
001029
013829
016084
002075
017069
005639
016412
007554
019399
009425
018763
011974
005328
010383
009991
007199
008326
004231
010386
003680
018649
019149
019295
006700
013303
002526
018665
011777
018676
004868
015862
014845
001421
011207
019550
008918
013085
004471
014154
008666
004336
007592
013375
010754
005628
016611
013951
017555
014779
002083
018335
017449
002884
000924
002507
010796
009893
017364
001291
018531
014957
013414
015385
016927
000981
009011
001533
008444
016298
019544
002108
009287
009870
015555
005629
004034
008518
011786
011754
005434
013638
014376
003067
004887
018001
015246
007797
006551
000107
009167
003699
018301
000907
011481
019287
007626
000169
015139
012247
003293
000971
019918
005933
011410
002287
019034
005136
007992
018402
017323
014506
007560
001767
007544
012821
001590
001331
012617
004151
002485
009361
004854
011304
018839
019348
015900
019649
002217
004517
012139
019151
003098
006986
003717
002790
001938
007673
010816
010090
010892
009156
012611
013910
001715
017121
018679
003609
019749
010393
014564
004290
010406
014339
010133
000440
014333
004608
014790
012039
000656
012732
019542
018625
004408
003648
001564
012418
002496
005711
017055
007122
013771
000358
003330
005504
006386
018708
000826
004372
003765
000588
003851
015298
005650
012038
015847
018894
017793
012103
003975
018563
013434
003890
019861
000818
000503
008751
002183
004770
018728
016679
017208
019863
016852
011496
015081
002665
004142
015716
008352
008243
019545
007553
000309
004794
005974
017799
007835
000567
019878
017707
007386
009194
010774
004982
004972
008473
012493
002481
019221
017929
017267
010625
003984
004357
005038
015224
005520
004109
002427
004785
015718
004542
001335
001660
010592
012566
012441
008839
017046
004738
015144
001891
011444
018943
016865
013517
010103
017656
005789
007428
015784
006860
018994
002571
012025
011865
004098
005300
005317
012440
013016
000788
014285
018875
010189
002377
016308
011551
008690
011334
010728
005324
000721
009636
012454
003326
000187
005811
017428
006446
016414
015395
008091
006580
000620
013883
018398
008652
001950
001112
011762
019413
010747
000764
019517
005348
015019
003529
011529
012372
019560
011723
013931
009175
008544
006450
011176
007600
019082
001956
002141
007907
012457
001665
006960
002785
010525
019670
016024
006008
014863
012601
000495
000645
011315
007133
008225
011959
014029
005283
011690
002398
007511
007725
017159
011418
016743
016680
019352
008418
005131
012304
016848
013359
003644
005377
019573
019086
003219
003830
010633
017192
011101
000487
005427
002373
000922
005143
004073
009429
004686
016222
008628
003136
001591
012147
017286
019625
002279
002233
007014
010763
007822
013848
019333
010717
004448
006725
004970
019891
016588
004148
007951
009851
015152
006682
015766
016138
008570
017773
006055
003668
010937
006140
017263
016546
005624
008453
005484
008982
015952
013200
016755
015341
007043
006969
015237
001690
012461
004583
016841
011469
015510
011741
017191
013135
005866
012472
017539
015279
001203
001328
016757
007268
007393
015922
006360
002847
018073
013509
013947
008024
019786
004693
016184
015914
016289
017826
000479
015318
002843
012480
002633
010239
009375
004642
016033
012196
009765
004135
005403
000655
001570
008209
004031
007899
008771
001114
004609
014561
010065
019020
006212
005098
015896
007411
005066
009384
004370
017907
013354
002743
014139
001558
017867
003645
017296
003678
000587
007241
014791
001012
012586
017268
005548
016227
010479
012863
000651
015308
002610
013542
010991
001640
007152
006018
007035
010874
002819
010457
013157
006896
000125
008576
011396
006369
009402
003889
000565
018516
001218
010216
010116
016940
010690
007254
004112
017685
015738
001349
019297
017400
010040
003510
015825
005367
014009
004021
019703
018148
005657
012035
013467
001854
008679
001082
013722
007101
012466
003600
016317
007226
002314
012259
007148
006308
003498
001667
006693
017309
009690
016536
013356
013948
007930
019074
005965
005366
014417
009868
002755
002684
001185
006503
004310
000704
017943
010850
017592
004035
002312
018603
013536
002933
019593
016104
010521
001327
007687
006348
007635
018457
002974
004174
006820
007498
000727
013685
018313
017303
000325
019909
008255
016208
010589
012948
014128
000794
001898
006126
000846
012582
009558
002263
016268
015257
013989
017165
010435
003557
007534
001076
017352
013042
010376
015949
000222
015742
002803
016702
002492
008429
010641
002880
008908
019047
014678
018217
003519
009475
001198
000421
018631
015177
005777
013173
019244
008511
005087
007048
000258
011438
007050
014022
019511
007858
012491
003478
009093
000884
003415
006615
007892
015866
007705
007200
008854
003836
000253
001994
001846
015011
008909
009738
001807
013579
016825
007275
004500
018873
018226
012217
013094
002146
012965
017098
000089
001803
011716
002131
006791
007082
018755
000718
001599
016477
003550
008109
009150
018291
009240
007713
012838
016896
010411
005557
008630
000577
007909
007443
013462
008890
009766
001699
014955
004861
012569
003543
001298
000408
008135
013662
015408
017570
014028
012104
000324
008609
009625
010756
008786
016904
004950
019267
000617
011597
013958
001515
008858
002748
004233
010947
004994
000807
009332
003272
014769
017468
005067
012554
012267
004942
004342
001279
008760
003020
005320
000499
004748
001301
009651
017843
011811
005221
007610
015480
003770
006568
012947
007451
001863
007045
010298
016510
008118
004636
015761
013878
001478
009935
003041
016563
016127
000976
012991
003297
018157
013795
017381
007697
014252
011436
004378
006538
019537
002677
005193
014605
014541
008497
000419
002972
005465
003804
014513
004877
001290
000562
000263
006903
016015
007499
014753
010208
010873
019535
006892
011633
002886
011220
014641
017663
006147
017561
018459
002947
010860
015323
000674
001162
018658
012281
010484
003010
004742
011212
001989
014907
007852
018924
000424
003417
005906
017184
016494
012809
018518
012421
001838
006529
016054
015112
012635
012054
008446
005905
005226
018981
017887
016060
003607
006719
009788
013842
013070
019845
008038
019453
012142
013752
016332
015583
000765
003965
014004
012031
009024
013745
017448
007887
017497
009259
001386
004539
007079
013191
010398
014138
007997
008117
013704
008302
014441
004063
002202
006213
009340
003649
013615
011822
000131
004535
001936
014069
010561
004668
016891
008347
004889
008048
000671
014697
012268
003574
008922
009659
007245
004992
010159
010878
018617
012453
005091
004692
014047
009882
015205
005412
010195
014359
003966
007464
001877
005846
017291
019005
008795
000287
016169
003084
000812
010698
009996
019953
008405
000314
015500
012381
000103
015145
019683
017441
017812
018811
004313
015835
003968
013500
009915
006699
014002
018251
016634
017486
001501
005681
008280
002711
013342
002617
015048
004906
002280
006589
008985
012588
003149
003546
016678
000954
011479
001381
014582
017720
012055
018970
004103
010620
006121
016113
017335
012906
013150
010856
004835
010067
019960
010361
000541
005237
002858
017508
013046
003768
005910
005364
009581
015470
006287
001398
002107
009383
006039
016724
018498
004846
008537
015256
009007
000058
006788
010136
008277
014205
001266
000130
008645
006080
010739
009891
002305
005972
003142
018806
004589
013580
013864
006350
015369
007286
003425
010400
019955
005243
012447
008183
016210
008190
012121
019503
001310
002715
009572
001576
005125
013979
005894
009938
016894
002765
015392
001235
012887
016629
012728
015965
012409
004029
010142
019895
003124
006769
017028
017282
019990
011700
006263
007221
000626
000533
015945
002605
007928
004240
006393
004046
007971
006874
012795
003938
019770
010173
008761
010191
004760
016988
017349
003017
007677
012753
001966
012994
002330
005158
014486
018058
001876
003474
012847
003584
003376
013698
001420
003183
005188
011592
016607
017437
010180
004497
011586
012433
006085
009230
019733
000369
001681
010403
013402
003337
011794
001172
004560
019639
006479
010338
018344
013032
004219
009543
006384
011341
019284
005338
003495
009874
012545
018570
019727
009136
000321
005634
000811
004792
014304
008999
004356
012222
019655
009142
017651
014156
003934
005883
015846
005819
010636
011795
001627
019397
007325
013398
003423
010888
012598
018128
015195
000775
019077
016837
019024
015281
000171
016269
018666
015839
010586
003933
010265
001733
009848
004904
016571
006780
000595
018368
016944
003371
018206
012542
001883
005114
001156
001177
016647
001880
015399
000353
016577
012677
000944
016564
005247
014787
011627
014239
008470
019418
013000
014552
015350