1000000
1000040
1000080
1000120
1000200
1000240
1000320
1000400
1000440
1000480
1000520
1000560
1000600
1000680
1000720
1000760
1000800
1000840
1000920
1000960
1001000
1001040
1001080
1001120
1001160
1001200
1001240
1001280
1001320
1001360
1001400
1001440
1001480
1001520
1001560
1001600
1001640
1001680
1001720
1001760
1001800
1001840
1001880
1001960
1002000
1002040
1002080
1002160
1002200
1002240
1002280
1002320
1002400
1002440
1002480
1002520
1002560
1002600
1002640
1002680
1002760
1002800
1002840
1002880
1002960
1003000
1003040
1003120
1003160
1003200
1003240
1003280
1003320
1003440
1003480
1003520
1003560
1003600
1003640
1003680
1003720
1003760
1003800
1003840
1003920
1003960
1004000
1004040
1004120
1004200
1004240
1004280
1004320
1004400
1004440
1004480
1004520
1004640
1004680
1004720
1004760
1004800
1004880
1004920
1004960
1005040
1005120
1005160
1005240
1005360
1005480
1005520
1005560
1005600
1005680
1005720
1005800
1005840
1005880
1006000
1006040
1006080
1006120
1006160
1006200
1006240
1006280
1006440
1006480
1006520
1006560
1006640
1006720
1006840
1006880
1006920
1006960
1007000
1007040
1007080
1007160
1007240
1007280
1007320
1007360
1007400
1007440
1007480
1007520
1007560
1007640
1007680
1007720
1007760
1007800
1007840
1007880
1007960
1008000
1008040
1008080
1008120
1008160
1008200
1008320
1008360
1008400
1008440
1008520
1008560
1008600
1008640
1008680
1008720
1008760
1008800
1008840
1008880
1008920
1008960
1009000
1009080
1009160
1009240
1009320
1009360
1009400
1009440
1009520
1009560
1009600
1009640
1009680
1009720
1009760
1009800
1009840
1009920
1009960
1010000
1010040
1010080
1010120
1010160
1010200
1010240
1010280
1010320
1010360
1010400
1010440
1010480
1010560
1010680
1010720
1010760
1010840
1010880
1010920
1010960
1011000
1011040
1011120
1011160
1011240
1011280
1011320
1011360
1011400
1011440
1011520
1011560
1011640
1011680
1011720
1011800
1011840
1011880
1011920
1011960
1012000
1012040
1012080
1012120
1012160
1012200
1012320
1012360
1012400
1012440
1012480
1012520
1012560
1012600
1012640
1012720
1012760
1012800
1012840
1012880
1012960
1013000
1013120
1013160
1013240
1013280
2000000
2000040
2000080
2000120
2000200
2000240
2000280
2000320
2000360
2000400
2000440
2000480
2000520
2000560
2000640
2000680
2000720
2000760
2000840
2000880
2000960
2001000
2001040
2001120
2001160
2001280
2001320
2001360
2001400
2001440
2001480
2001520
2001560
2001600
2001680
2001720
2001760
2001800
2001840
2001880
2001920
2001960
2002040
2002200
2002240
2002280
2002360
2002440
2002520
2002560
2002600
2002640
2002800
2002840
2002880
2002920
2003040
2003080
2003120
2003160
2003200
2003240
2003280
2003400
2003440
2003480
2003520
2003560
2003600
2003680
2003800
2003840
2003920
2003960
2004040
2004080
2004120
2004160
2004200
2004320
2004360
2004400
2004480
2004520
2004560
2004640
2004680
2004720
2004800
2004840
2004880
2004920
2005000
2005040
2005080
2005120
2005200
2005240
2005280
2005320
2005360
2005440
2005480
2005520
2005560
2005600
2005640
2005680
2005720
2005760
2005800
2005840
2005880
2005960
2006000
2006040
2006080
2006120
2006160
2006200
2006240
2006360
2006400
2006520
2006560
2006600
2006640
2006680
2006720
2006760
2006800
2006840
2006880
2006920
2006960
2007000
2007040
2007080
2007120
2007160
2007320
2007360
2007400
2007480
2007520
2007560
2007600
2007640
2007720
2007760
2007840
2007880
2007920
2007960
2008000
2008040
2008080
2008120
2008160
2008200
2008280
2008320
2008360
2008400
2008440
2008520
2008560
2008640
2008680
2008720
2008760
2008880
2008920
2008960
2009000
2009080
2009120
2009240
2009320
2009360
2009400
2009440
2009480
2009520
2009560
2009600
2009680
2009720
2009800
2009840
2009880
2009920
2009960
2010000
2010040
2010080
2010120
2010200
2010360
2010400
2010440
2010480
2010560
2010600
2010680
2010720
2010800
2010880
2010920
2010960
2011040
2011080
2011160
2011200
2011240
2011320
2011360
2011400
2011480
2011560
2011640
2011720
2011760
2011840
2011880
2011960
2012000
2012040
2012080
2012120
2012160
2012200
2012240
2012280
2012320
2012360
2012400
2012440
2012480
2012520
2012560
2012640
2012680
2012800
2012840
2012880
2012920
2012960
2013000
2013040
2013080
2013120
2013160
2013200
2013240
2013320
2013360
2013400
2013440
2013520
2013560
2013600
2013640
2013720
2013760
2013800
2013840
2013880
2014000
2014080
2014120
2014160
2014200
2014240
2014280
2014320
2014360
2014400
2014520
3000000
3000080
3000120
3000160
3000200
3000240
3000320
3000360
3000400
3000440
3000480
3000560
3000600
3000720
3000760
3000800
3000840
3000880
3000920
3000960
3001000
3001080
3001200
3001240
3001360
3001400
3001520
3001560
3001600
3001680
3001720
3001800
3001840
3001920
3001960
3002000
3002080
3002120
3002160
3002240
3002320
3002360
3002440
3002480
3002560
3002600
3002640
3002680
3002720
3002800
3002880
3002920
3002960
3003000
3003120
3003160
3003200
3003240
3003280
3003320
3003360
3003400
3003440
3003480
3003520
3003600
3003680
3003720
3003760
3003800
3003840
3003880
3003920
3003960
3004000
3004040
3004080
3004120
3004160
3004200
3004280
3004320
3004360
3004400
3004440
3004560
3004600
3004640
3004680
3004720
3004760
3004800
3004840
3004880
3004920
3004960
3005000
3005040
3005080
3005120
3005160
3005200
3005240
3005280
3005320
3005360
3005440
3005480
3005520
3005560
3005640
3005680
3005720
3005800
3005840
3005880
3005920
3005960
3006000
3006040
3006080
3006200
3006280
3006320
3006360
3006400
3006440
3006480
3006520
3006560
3006600
3006720
3006760
3006840
3006880
3006920
3006960
3007000
3007040
3007080
3007120
3007160
3007200
3007240
3007360
3007400
3007480
3007520
3007560
3007600
3007640
3007720
3007760
3007840
3007880
3007920
3007960
3008000
3008040
3008240
3008280
3008320
3008360
3008440
3008480
3008520
3008560
3008600
3008680
3008760
3008800
3008840
3008880
3008920
3008960
3009040
3009080
3009120
3009160
3009240
3009280
3009320
3009360
3009400
3009440
3009520
3009560
3009600
3009640
3009680
3009720
3009800
3009840
3009880
3009920
3009960
3010000
3010040
3010080
3010120
3010160
3010240
3010280
3010360
3010400
3010440
3010520
3010560
3010600
3010640
3010680
3010720
3010760
3010800
3010840
3010880
3010920
3010960
3011000
3011040
3011080
3011120
3011160
3011200
3011240
3011280
3011360
3011400
3011440
3011480
3011560
3011600
3011640
3011680
3011800
3011880
3011920
3012000
3012160
3012200
3012240
3012280
3012320
3012360
3012400
3012440
3012480
3012560
3012600
3012640
3012680
3012720
3012760
3012800
3012840
3012880
3012960
3013000
3013040
3013080
3013200
3013320
3013360
3013400
3013480
3013600
3013640
3013680
3013720
3013760
3013800
3013840
3013880
3013920
3013960
3014040
3014080
3014120
3014160
3014240
3014280
3014400
3014480
3014520
4000000
4000080
4000120
4000200
4000240
4000320
4000360
4000400
4000440
4000520
4000560
4000600
4000640
4000680
4000720
4000800
4000880
4000920
4001080
4001160
4001200
4001240
4001280
4001440
4001480
4001520
4001560
4001600
4001640
4001680
4001760
4001800
4001840
4001880
4001920
4001960
4002000
4002040
4002080
4002120
4002160
4002280
4002320
4002360
4002400
4002440
4002480
4002520
4002560
4002600
4002760
4002800
4002880
4002920
4002960
4003000
4003040
4003080
4003120
4003160
4003200
4003240
4003280
4003320
4003400
4003440
4003480
4003520
4003560
4003600
4003640
4003680
4003760
4003800
4003840
4003880
4003960
4004000
4004040
4004080
4004160
4004200
4004240
4004280
4004320
4004360
4004440
4004560
4004600
4004680
4004720
4004840
4004880
4004920
4004960
4005000
4005040
4005080
4005120
4005160
4005200
4005240
4005280
4005320
4005360
4005400
4005440
4005480
4005520
4005560
4005600
4005640
4005680
4005760
4005800
4005880
4005920
4005960
4006000
4006040
4006120
4006240
4006280
4006320
4006360
4006400
4006480
4006520
4006560
4006600
4006640
4006760
4006800
4006840
4006880
4006920
4006960
4007080
4007120
4007160
4007200
4007240
4007280
4007360
4007440
4007480
4007520
4007560
4007600
4007640
4007680
4007720
4007800
4007840
4007880
4007920
4008000
4008040
4008080
4008120
4008160
4008240
4008280
4008320
4008360
4008400
4008440
4008480
4008520
4008560
4008600
4008640
4008680
4008720
4008760
4008800
4008840
4008880
4008920
4008960
4009000
4009040
4009080
4009120
4009160
4009200
4009240
4009280
4009320
4009400
4009520
4009560
4009600
4009640
4009680
4009720
4009760
4009840
4009880
4009920
4009960
4010000
4010040
4010080
4010120
4010160
4010200
4010240
4010320
4010360
4010400
4010440
4010480
4010520
4010640
4010680
4010720
4010760
4010800
4010880
4010920
4010960
4011000
4011040
4011080
4011120
4011200
4011320
4011360
4011400
4011440
4011520
4011560
4011600
4011640
4011680
4011720
4011800
4011840
4011880
4011920
4011960
4012000
4012040
4012080
4012120
4012160
4012200
4012240
4012280
4012360
4012400
4012440
4012480
4012520
4012560
4012640
4012680
4012720
4012760
4012800
4012840
4012920
4012960
4013000
4013040
4013120
4013160
4013200
4013240
4013280
4013320
4013360
4013400
4013440
4013480
4013560
4013600
4013640
4013680
4013720
4013760
4013800
4013840
4013880
4013920
4013960
4014000
4014040
4014120
4014160
4014200
4014240
4014280
4014320
4014400
4014440
4014480
4014520
5000000
5000040
5000080
5000160
5000200
5000240
5000280
5000360
5000440
5000480
5000520
5000560
5000600
5000680
5000720
5000760
5000800
5000840
5000880
5000920
5000960
5001000
5001040
5001080
5001120
5001160
5001280
5001320
5001360
5001400
5001480
5001520
5001560
5001600
5001640
5001680
5001720
5001760
5001800
5001840
5001880
5001920
5001960
5002000
5002080
5002120
5002160
5002200
5002240
5002280
5002320
5002360
5002400
5002440
5002480
5002560
5002600
5002680
5002720
5002800
5002840
5002880
5002920
5003080
5003120
5003160
5003200
5003320
5003360
5003400
5003520
5003560
5003600
5003640
5003680
5003720
5003760
5003800
5003840
5003880
5003920
5003960
5004000
5004040
5004080
5004120
5004160
5004200
5004240
5004280
5004320
5004360
5004400
5004480
5004560
5004600
5004640
5004680
5004720
5004800
5004880
5004920
5004960
5005000
5005120
5005160
5005280
5005320
5005360
5005400
5005440
5005480
5005520
5005600
5005640
5005680
5005720
5005760
5005840
5005880
5005920
5005960
5006000
5006040
5006080
5006120
5006200
5006240
5006280
5006320
5006400
5006440
5006480
5006520
5006560
5006600
5006640
5006680
5006760
5006800
5006840
5006880
5006920
5006960
5007000
5007040
5007080
5007160
5007200
5007240
5007280
5007320
5007360
5007400
5007440
5007480
5007520
5007600
5007640
5007680
5007720
5007800
5007880
5007920
5007960
5008000
5008040
5008080
5008120
5008160
5008240
5008280
5008320
5008360
5008400
5008520
5008560
5008600
5008640
5008680
5008720
5008760
5008800
5008880
5008920
5008960
5009000
5009040
5009080
5009120
5009200
5009240
5009280
5009320
5009360
5009400
5009480
5009520
5009560
5009600
5009640
5009680
5009720
5009760
5009800
5009880
5010000
5010040
5010120
5010160
5010200
5010240
5010320
5010360
5010520
5010600
5010720
5010760
5010800
5010840
5010880
5010920
5010960
5011000
5011040
5011080
5011120
5011160
5011200
5011240
5011280
5011320
5011360
5011400
5011440
5011480
5011520
5011560
5011600
5011680
5011720
5011760
5011800
5011840
5011880
5011960
5012000
5012040
5012080
5012120
5012160
5012200
5012240
5012280
5012360
5012440
5012480
5012520
5012680
5012720
5012760
5012800
5012840
5012920
5012960
5013000
5013040
5013120
5013160
5013200
5013280
5013320
5013360
5013400
5013440
5013480
5013520
5013600
5013640
5013680
5013720
5013760
5013800
5013840
5013880
5013960
5014000
5014080
5014200
5014280
5014360
5014440
5014480
5014520
6000080
6000120
6000160
6000200
6000280
6000320
6000360
6000440
6000480
6000520
6000560
6000640
6000680
6000760
6000800
6000840
6000880
6000920
6000960
6001040
6001080
6001120
6001200
6001240
6001280
6001320
6001360
6001400
6001440
6001520
6001600
6001680
6001720
6001760
6001800
6001840
6001880
6001920
6001960
6002000
6002040
6002080
6002120
6002160
6002200
6002240
6002280
6002320
6002400
6002440
6002480
6002560
6002800
6002840
6002920
6002960
6003000
6003040
6003080
6003120
6003160
6003240
6003320
6003360
6003480
6003560
6003600
6003640
6003720
6003760
6003800
6003840
6003880
6003920
6003960
6004000
6004080
6004120
6004160
6004200
6004240
6004320
6004360
6004480
6004560
6004600
6004640
6004680
6004720
6004760
6004800
6004840
6004880
6004920
6004960
6005000
6005040
6005080
6005120
6005160
6005200
6005280
6005320
6005360
6005400
6005440
6005480
6005520
6005560
6005600
6005640
6005680
6005720
6005800
6005880
6005920
6005960
6006000
6006040
6006080
6006160
6006200
6006240
6006280
6006320
6006400
6006480
6006520
6006560
6006720
6006760
6006800
6006920
6006960
6007000
6007040
6007200
6007240
6007280
6007320
6007360
6007400
6007440
6007520
6007560
6007600
6007640
6007680
6007760
6007800
6007840
6007880
6007920
6007960
6008000
6008080
6008120
6008160
6008240
6008280
6008360
6008440
6008480
6008520
6008560
6008600
6008640
6008680
6008760
6008800
6008880
6008960
6009040
6009080
6009120
6009160
6009240
6009280
6009320
6009360
6009400
6009480
6009520
6009600
6009720
6009760
6009800
6009840
6009880
6009920
6009960
6010000
6010040
6010080
6010120
6010160
6010200
6010240
6010280
6010320
6010360
6010400
6010440
6010560
6010600
6010640
6010680
6010720
6010760
6010920
6010960
6011000
6011040
6011080
6011120
6011160
6011200
6011240
6011280
6011320
6011360
6011400
6011440
6011520
6011600
6011640
6011680
6011720
6011800
6011840
6011880
6011920
6012000
6012040
6012080
6012160
6012200
6012240
6012360
6012400
6012480
6012520
6012560
6012600
6012640
6012680
6012720
6012760
6012840
6012880
6012920
6012960
6013040
6013080
6013120
6013160
6013200
6013240
6013280
6013320
6013400
6013440
6013480
6013520
6013560
6013600
6013680
6013840
6013880
6013920
6013960
6014000
6014040
6014080
6014120
6014160
6014200
6014280
6014320
6014360
6014400
6014480
7000000
7000040
7000080
7000160
7000200
7000240
7000320
7000440
7000480
7000520
7000560
7000600
7000640
7000680
7000720
7000760
7000800
7000840
7000880
7000920
7000960
7001000
7001040
7001080
7001120
7001160
7001200
7001280
7001320
7001360
7001400
7001440
7001520
7001560
7001600
7001640
7001680
7001720
7001760
7001800
7001840
7001880
7001920
7001960
7002000
7002040
7002080
7002120
7002200
7002240
7002280
7002320
7002360
7002400
7002440
7002480
7002520
7002600
7002640
7002720
7002760
7002840
7002880
7002920
7003000
7003040
7003080
7003120
7003280
7003320
7003360
7003400
7003440
7003480
7003560
7003600
7003680
7003760
7003800
7003840
7003880
7003920
7003960
7004000
7004080
7004160
7004200
7004240
7004320
7004360
7004400
7004440
7004520
7004560
7004680
7004720
7004760
7004800
7004840
7004880
7004920
7004960
7005000
7005080
7005120
7005160
7005200
7005240
7005280
7005320
7005360
7005400
7005440
7005520
7005560
7005600
7005640
7005680
7005720
7005760
7005800
7005840
7005880
7005960
7006000
7006040
7006080
7006120
7006160
7006200
7006280
7006320
7006360
7006480
7006560
7006600
7006640
7006680
7006720
7006760
7006800
7006840
7006880
7006920
7006960
7007000
7007040
7007080
7007120
7007160
7007200
7007280
7007320
7007360
7007400
7007560
7007640
7007680
7007720
7007760
7007800
7007880
7007960
7008000
7008040
7008080
7008120
7008200
7008240
7008280
7008320
7008360
7008400
7008480
7008520
7008600
7008680
7008720
7008800
7008840
7008880
7008920
7008960
7009040
7009080
7009120
7009200
7009240
7009280
7009320
7009360
7009400
7009440
7009480
7009520
7009560
7009600
7009640
7009800
7009840
7009880
7009920
7009960
7010000
7010040
7010080
7010120
7010160
7010200
7010240
7010320
7010400
7010440
7010480
7010520
7010560
7010600
7010680
7010840
7010880
7010960
7011000
7011040
7011080
7011120
7011160
7011200
7011240
7011280
7011320
7011360
7011400
7011440
7011480
7011560
7011600
7011640
7011680
7011720
7011760
7011800
7011880
7011920
7011960
7012000
7012040
7012080
7012120
7012160
7012200
7012240
7012320
7012360
7012400
7012440
7012520
7012600
7012680
7012720
7012760
7012800
7012840
7012880
7012960
7013000
7013040
7013080
7013120
7013160
7013200
7013240
7013280
7013320
7013360
7013400
7013440
7013480
7013520
7013560
7013600
7013640
7013680
7013720
7013760
7013840
7013880
7013920
7013960
7014000
7014040
7014120
7014160
7014200
7014240
7014280
7014320
7014360
7014400
7014440
7014480
7014520
8000000
8000040
8000080
8000120
8000160
8000200
8000240
8000320
8000360
8000480
8000520
8000560
8000600
8000640
8000680
8000720
8000760
8000840
8000880
8000920
8001000
8001040
8001080
8001120
8001160
8001200
8001240
8001280
8001320
8001360
8001440
8001480
8001520
8001640
8001680
8001720
8001760
8001800
8001880
8001920
8001960
8002000
8002040
8002120
8002160
8002200
8002240
8002280
8002320
8002360
8002400
8002480
8002520
8002560
8002600
8002640
8002680
8002720
8002760
8002800
8002840
8002880
8002920
8002960
8003000
8003040
8003080
8003120
8003200
8003240
8003320
8003400
8003440
8003520
8003560
8003640
8003680
8003720
8003760
8003840
8003880
8003920
8003960
8004040
8004080
8004120
8004200
8004240
8004280
8004320
8004360
8004400
8004440
8004480
8004520
8004560
8004600
8004680
8004760
8004800
8004840
8004880
8004920
8004960
8005040
8005080
8005120
8005160
8005200
8005280
8005320
8005360
8005400
8005440
8005480
8005520
8005560
8005600
8005640
8005680
8005720
8005760
8005800
8005880
8005920
8005960
8006000
8006040
8006080
8006120
8006160
8006200
8006240
8006280
8006320
8006400
8006440
8006480
8006520
8006560
8006600
8006680
8006720
8006760
8006800
8006840
8006880
8006920
8006960
8007000
8007040
8007080
8007120
8007200
8007240
8007280
8007320
8007360
8007400
8007440
8007480
8007520
8007560
8007600
8007640
8007680
8007720
8007800
8007840
8007880
8007960
8008000
8008040
8008080
8008120
8008160
8008200
8008240
8008280
8008320
8008360
8008400
8008440
8008480
8008560
8008600
8008640
8008760
8008800
8008840
8008920
8009000
8009040
8009080
8009160
8009200
8009240
8009280
8009320
8009400
8009440
8009520
8009560
8009600
8009640
8009680
8009720
8009760
8009800
8009840
8009880
8009920
8010000
8010040
8010080
8010160
8010240
8010280
8010360
8010400
8010440
8010560
8010600
8010640
8010680
8010720
8010840
8010960
8011000
8011040
8011080
8011120
8011200
8011280
8011320
8011440
8011480
8011520
8011560
8011600
8011640
8011720
8011760
8011800
8011880
8011920
8011960
9000040
9000080
9000120
9000160
9000200
9000280
9000320
9000400
9000440
9000480
9000520
9000560
9000600
9000640
9000680
9000720
9000760
9000800
9000840
9000880
9000920
9000960
9001000
9001080
9001120
9001160
9001200
9001280
9001320
9001480
9001520
9001560
9001600
9001640
9001680
9001720
9001760
9001800
9001840
9001880
9001920
9001960
9002000
9002040
9002080
9002120
9002160
9002200
9002280
9002440
9002480
9002520
9002560
9002600
9002640
9002720
9002760
9002800
9002880
9002960
9003000
9003080
9003120
9003160
9003280
9003320
9003360
9003520
9003560
9003640
9003680
9003840
9003880
9004000
9004080
9004160
9004200
9004280
9004320
9004360
9004400
9004440
9004480
9004560
9004600
9004680
9004720
9004760
9004800
9004840
9004880
9004960
9005000
9005040
9005080
9005120
9005240
9005280
9005360
9005400
9005440
9005480
9005520
9005560
9005600
9005680
9005760
9005800
9005840
9005880
9005920
9005960
9006000
9006120
9006160
9006200
9006280
9006320
9006360
9006400
9006440
9006480
9006520
9006560
9006600
9006680
9006720
9006800
9006840
9006880
9006920
9006960
9007000
9007040
9007080
9007120
9007160
9007200
9007240
9007320
9007360
9007400
9007480
9007520
9007560
9007600
9007680
9007720
9007760
9007800
9007840
9007960
9008040
9008080
9008120
9008160
9008200
9008240
9008320
9008360
9008400
9008480
9008520
9008560
9008600
9008640
9008680
9008720
9008840
9008880
9008920
9009000
9009040
9009120
9009160
9009200
9009280
9009320
9009360
9009400
9009440
9009480
9009520
9009560
9009600
9009640
9009680
9009720
9009760
9009840
9009880
9009920
9010040
9010080
9010120
9010160
9010200
9010240
9010280
9010360
9010400
9010440
9010480
9010520
9010560
9010600
9010640
9010720
9010800
9010840
9010920
9010960
9011000
9011080
9011160
9011200
9011240
9011280
9011320
9011360
9011400
9011440
9011480
9011600
9011640
9011680
9011760
9011800
9011840
9011880
9011920
10000000
10000040
10000080
10000120
10000160
10000200
10000240
10000320
10000360
10000440
10000480
10000560
10000600
10000640
10000720
10000760
10000800
10000840
10000920
10000960
10001000
10001040
10001080
10001120
10001160
10001200
10001240
10001280
10001320
10001360
10001400
10001480
10001520
10001560
10001600
10001720
10001760
10001800
10001840
10001880
10001920
10002000
10002040
10002080
10002120
10002160
10002200
10002240
10002280
10002320
10002360
10002400
10002560
10002600
10002640
10002680
10002720
10002800
10002840
10002880
10002920
10002960
10003000
10003080
10003120
10003160
10003200
10003240
10003280
10003320
10003480
10003520
10003560
10003600
10003640
10003680
10003760
10003800
10003840
10003880
10003960
10004000
10004040
10004080
10004120
10004160
10004200
10004320
10004360
10004400
10004480
10004600
10004640
10004680
10004720
10004840
10005000
10005080
10005160
10005200
10005280
10005320
10005400
10005440
10005480
10005520
10005560
10005600
10005720
10005760
10005920
10006000
10006040
10006080
10006120
10006160
10006240
10006280
10006320
10006360
10006400
10006440
10006480
10006520
10006560
10006600
10006640
10006680
10006720
10006760
10006800
10006840
10006880
10006920
10006960
10007000
10007040
10007080
10007160
10007200
10007240
10007280
10007320
10007360
10007440
10007480
10007560
10007640
10007680
10007720
10007760
10007800
10007840
10007880
10007920
10007960
10008000
10008080
10008120
10008160
10008200
10008280
10008320
10008360
10008440
10008480
10008520
10008560
10008600
10008640
10008720
10008760
10008800
10008840
10008880
10008920
10008960
10009000
10009040
10009080
10009120
10009160
10009200
10009240
10009280
10009320
10009360
10009400
10009440
10009480
10009560
10009600
10009640
10009680
10009720
10009840
10009880
10009960
10010040
10010120
10010160
10010200
10010240
10010280
10010320
10010360
10010400
10010560
10010600
10010640
10010720
10010760
10010800
10010880
10010960
10011000
10011040
10011160
10011280
10011360
10011400
10011440
10011480
10011520
10011560
10011600
10011640
10011680
10011720
10011760
10011840
10011880
10011920
10011960
11000000
11000040
11000080
11000120
11000160
11000200
11000240
11000280
11000320
11000360
11000400
11000480
11000520
11000560
11000600
11000640
11000720
11000800
11000880
11000920
11000960
11001000
11001040
11001160
11001200
11001240
11001280
11001320
11001360
11001400
11001440
11001520
11001560
11001680
11001760
11001800
11001840
11001920
11002000
11002040
11002120
11002160
11002200
11002240
11002280
11002320
11002360
11002400
11002440
11002480
11002520
11002560
11002600
11002640
11002680
11002720
11002760
11002840
11002920
11002960
11003000
11003040
11003080
11003120
11003160
11003280
11003360
11003400
11003440
11003480
11003520
11003600
11003640
11003680
11003880
11003920
11003960
11004000
11004040
11004080
11004200
11004280
11004320
11004360
11004400
11004440
11004480
11004560
11004600
11004640
11004720
11004760
11004800
11004920
11004960
11005000
11005040
11005080
11005120
11005160
11005240
11005280
11005320
11005360
11005400
11005480
11005560
11005600
11005640
11005720
11005760
11005800
11005880
11005960
11006000
11006040
11006080
11006120
11006160
11006240
11006320
11006360
11006400
11006440
11006480
11006520
11006560
11006640
11006680
11006800
11006840
11006880
11006920
11006960
11007000
11007080
11007120
11007160
11007200
11007240
11007280
11007320
11007440
11007480
11007520
11007560
11007680
11007720
11007760
11007840
11007880
11007960
11008040
11008120
11008160
11008200
11008240
11008360
11008400
11008440
11008480
11008520
11008560
11008600
11008680
11008760
11008800
11008840
11008880
11008920
11008960
11009000
11009040
11009120
11009160
11009320
11009360
11009400
11009440
11009480
11009520
11009600
11009640
11009680
11009760
11009800
11009840
11009880
11009920
11009960
11010040
11010080
11010120
11010160
11010200
11010240
11010280
11010320
11010360
11010400
11010480
11010560
11010600
11010640
11010680
11010720
11010760
11010800
11010840
11010880
11010920
11010960
11011040
11011080
11011120
11011160
11011200
11011280
11011320
11011360
11011440
11011480
11011600
11011640
11011680
11011720
11011760
11011800
11011840
11011920
11011960
12000000
12000040
12000080
12000120
12000160
12000200
12000240
12000280
12000320
12000360
12000400
12000440
12000480
12000520
12000560
12000600
12000680
12000720
12000760
12000800
12000920
12000960
12001000
12001040
12001080
12001120
12001160
12001200
12001240
12001280
12001320
12001400
12001440
12001480
12001560
12001640
12001720
12001760
12001800
12001840
12001880
12001960
12002000
12002080
12002120
12002160
12002200
12002280
12002320
12002360
12002400
12002440
12002480
12002560
12002600
12002640
12002680
12002720
12002800
12002840
12002880
12002920
12002960
12003040
12003120
12003160
12003280
12003320
12003400
12003440
12003480
12003520
12003560
12003640
12003680
12003720
12003760
12003800
12003840
12003880
12003920
12003960
12004000
12004040
12004080
12004120
12004160
12004200
12004240
12004280
12004320
12004360
12004440
12004480
12004520
12004560
12004600
12004640
12004680
12004720
12004760
12004800
12004840
12004880
12004920
12004960
12005000
12005080
12005120
12005160
12005240
12005280
12005320
12005360
12005400
12005440
12005520
12005560
12005600
12005640
12005680
12005720
12005760
12005800
12005880
12005920
12005960
12006000
12006080
12006120
12006160
12006200
12006240
12006280
12006320
12006400
12006440
12006480
12006520
12006560
12006600
12006640
12006680
12006720
12006760
12006800
12006880
12006920
12006960
12007000
12007080
12007120
12007160
12007200
12007240
12007280
12007320
12007480
12007520
12007560
12007600
12007680
12007720
12007800
12007840
12007880
12007920
12007960
12008000
12008040
12008080
12008120
12008240
12008320
12008400
12008440
12008480
12008560
12008600
12008680
12008760
12008800
12008840
12008880
12008920
12008960
12009040
12009200
12009240
12009280
12009320
12009360
12009400
12009440
12009520
12009560
12009600
12009640
12009680
12009720
12009760
12009840
12009880
12009920
12009960
12010000
12010080
12010120
12010160
12010240
12010280
12010320
12010360
12010400
12010440
12010480
12010520
12010560
12010600
12010640
12010800
12010880
12011000
12011040
12011080
12011120
12011200
12011240
12011280
12011360
12011400
12011440
12011480
12011560
12011640
12011680
12011720
12011840
12011960
12012000
12012040
12012080
12012120
12012160
12012200
12012240
12012280
12012320
12012360
12012400
12012560
12012640
12012680
12012720
13000000
13000040
13000080
13000120
13000200
13000240
13000280
13000320
13000360
13000400
13000480
13000520
13000560
13000600
13000640
13000680
13000720
13000760
13000800
13000840
13000880
13000920
13001000
13001040
13001080
13001120
13001160
13001200
13001240
13001280
13001400
13001440
13001480
13001520
13001560
13001600
13001640
13001760
13001800
13001880
13001920
13001960
13002000
13002040
13002080
13002240
13002360
13002400
13002440
13002480
13002520
13002560
13002680
13002720
13002880
13002960
13003000
13003040
13003080
13003120
13003160
13003200
13003240
13003280
13003320
13003400
13003440
13003520
13003560
13003600
13003640
13003680
13003720
13003800
13003840
13003880
13003920
13003960
13004040
13004080
13004120
13004160
13004240
13004280
13004320
13004400
13004440
13004480
13004520
13004560
13004640
13004800
13004840
13004880
13005000
13005040
13005080
13005120
13005160
13005200
13005240
13005280
13005320
13005360
13005440
13005480
13005520
13005560
13005600
13005640
13005680
13005720
13005840
13005960
13006000
13006040
13006120
13006160
13006200
13006240
13006400
13006480
13006520
13006560
13006640
13006680
13006720
13006760
13006800
13006840
13006880
13007000
13007080
13007160
13007200
13007280
13007320
13007360
13007440
13007480
13007560
13007600
13007640
13007720
13007760
13007800
13007840
13007880
13007920
13007960
13008000
13008080
13008120
13008160
13008200
13008240
13008280
13008320
13008360
13008400
13008480
13008520
13008560
13008600
13008640
13008760
13008800
13008840
13008960
13009000
13009040
13009120
13009160
13009200
13009240
13009320
13009360
13009400
13009440
13009480
13009520
13009560
13009600
13009640
13009680
13009720
13009760
13009800
13009840
13009880
13009920
13009960
13010000
13010040
13010120
13010160
13010200
13010240
13010280
13010320
13010400
13010440
13010480
13010560
13010600
13010640
13010680
13010720
13010760
13010800
13010840
13010880
13010920
13010960
13011040
13011080
13011120
13011160
13011200
13011240
13011280
13011320
13011400
13011480
13011520
13011560
13011680
13011720
13011760
13011800
13011840
13011880
13011960
13012000
13012040
13012080
13012120
13012160
13012200
13012240
13012280
13012360
13012400
13012480
13012520
13012560
13012600
13012640
13012680
13012720
13012800
13012840
13012880
13012920
13012960
13013040
13013080
13013160
13013200
13013240
13013280
13013320
13013360
13013400
13013480
13013520
13013560
13013640
13013680
13013720
13013800
13013840
13013880
13013960
13014000
13014040
14000000
14000040
14000120
14000160
14000200
14000320
14000360
15000040
15000080
15000160
15000200
15000280
15000360
15000440
15000480
15000520
15000560
15000600
15000640
15000720
15000800
15000840
15000880
15000960
15001000
15001120
15001200
15001240
15001280
15001320
15001400
15001440
15001480
15001520
15001560
15001600
15001640
15001680
15001720
15001760
15001800
15001840
15001880
15001920
15001960
15002000
15002040
15002080
15002120
15002160
15002200
15002240
15002280
15002320
15002360
15002400
15002440
15002480
15002520
15002560
15002600
15002640
15002680
15002720
15002760
15002800
15002840
15002880
15002920
15002960
15003000
15003040
15003080
15003120
15003160
15003200
15003280
15003320
15003360
15003440
15003560
15003600
15003680
15003720
15003760
15003840
15003960
15004000
15004040
15004080
15004120
15004160
15004200
15004320
15004400
15004440
15004480
15004520
15004560
15004600
15004640
15004720
15004760
15004800
15004840
15004880
15004920
15004960
15005000
15005040
15005080
15005120
15005160
15005200
15005240
15005280
15005360
15005400
15005480
15005560
15005640
15005680
15005720
15005800
15005840
15005880
15005920
15006000
15006040
15006080
15006120
15006200
15006280
15006320
15006360
15006400
15006480
15006520
15006560
15006600
15006680
15006720
15006760
15006840
15006880
15006920
15006960
15007000
15007040
15007080
15007120
15007160
15007280
15007320
15007360
15007400
15007440
15007480
15007520
15007560
15007640
15007680
15007720
15007760
15007800
15007840
15007880
15007920
15007960
15008040
15008080
15008120
15008160
15008200
15008240
15008280
15008320
15008360
15008400
15008440
15008480
15008520
15008560
15008640
15008680
15008720
15008760
15008800
15008840
15008880
15008960
15009040
15009080
15009120
15009280
15009320
15009360
15009400
15009440
15009480
15009520
15009560
15009600
15009640
15009720
15009840
15009880
15009960
15010040
15010080
15010120
15010160
15010200
15010240
15010320
15010360
15010440
15010480
15010520
15010560
15010600
15010640
15010680
15010720
15010760
15010800
15010840
15010880
15010960
15011000
15011040
15011080
15011120
15011160
15011200
15011240
15011280
15011320
15011360
15011400
15011440
15011520
15011560
15011640
15011680
15011720
15011760
15011840
15011880
15011920
15011960
15012000
15012040
15012080
15012120
15012160
15012200
15012240
15012280
15012320
15012360
15012400
15012440
15012480
16000000
16000040
16000080
16000120
16000200
16000320
16000360
16000400
16000440
17000040
17000120
17000160
17000200
17000240
17000280
17000320
17000360
17000400
17000440
17000480
17000520
17000560
17000600
17000640
17000680
17000720
17000800
17000920
17000960
17001000
17001040
17001080
17001120
17001200
17001240
17001280
17001360
17001400
17001440
17001480
17001520
17001560
17001600
17001640
17001680
17001720
17001760
17001800
17001840
17001960
17002000
17002040
17002080
17002120
17002200
17002280
17002320
17002360
17002400
17002440
17002480
17002560
17002680
17002720
17002760
17002800
17002840
17002880
17002920
17002960
17003040
17003080
17003120
17003160
17003200
17003280
17003320
17003440
17003480
17003520
17003560
17003640
17003680
17003720
17003760
17003800
17003840
17003880
17003920
17003960
17004000
17004080
17004120
17004160
17004200
17004240
17004280
17004360
17004400
17004440
17004520
17004560
17004600
17004680
17004720
17004760
17004800
17004840
17004880
17004920
17004960
17005000
17005040
17005080
17005120
17005160
17005200
17005240
17005280
17005320
17005400
17005440
17005480
17005520
17005560
17005680
17005720
17005760
17005800
17005840
17005880
17005920
17006040
17006120
17006200
17006280
17006360
17006440
17006480
17006520
17006560
17006600
17006640
17006680
17006720
17006760
17006800
17006840
17006880
17006920
17006960
17007040
17007080
17007120
17007160
17007240
17007280
17007320
17007360
17007400
17007440
17007480
17007520
17007560
17007640
17007680
17007720
17007760
17007800
17007840
17007880
17007960
17008000
17008040
17008080
17008160
17008200
17008320
17008400
17008480
17008520
17008560
17008640
17008720
17008760
17008800
17008840
17008960
17009000
18000000
18000040
18000080
18000120
18000160
18000200
18000240
18000280
18000320
18000360
18000400
18000480
18000560
18000600
18000680
18000720
18000760
18000800
18000880
18000920
18000960
18001040
18001080
18001120
18001160
18001280
18001320
18001360
18001400
18001440
18001520
18001600
18001640
18001680
18001720
18001760
18001800
18001840
18001880
18001920
18002040
18002080
18002120
18002160
18002200
18002240
18002280
18002320
18002400
18002440
18002480
18002560
18002600
18002640
18002680
18002720
18002760
18002840
18002880
18003080
18003120
18003200
18003240
18003280
18003320
18003360
18003400
18003440
18003480
18003520
18003560
18003600
18003640
18003680
18003720
18003800
18003840
18003880
18003960
18004000
18004040
18004080
18004120
18004160
18004200
18004240
18004280
18004320
18004360
18004440
18004480
18004640
18004680
18004760
18004800
18004920
18005000
18005040
18005080
18005120
18005160
18005200
18005280
18005320
18005440
18005480
18005520
18005560
18005600
18005640
18005680
18005720
18005800
18005840
18005880
18005920
18005960
18006000
18006040
18006080
18006120
18006160
18006200
18006240
18006320
18006400
18006440
18006480
18006520
18006560
18006600
18006640
18006680
18006720
18006800
18006840
18006880
18006960
18007000
18007040
18007080
18007120
18007160
18007200
18007280
18007440
18007520
18007560
18007600
18007640
18007680
18007720
18007760
18007800
18007840
18007880
18007920
18007960
18008000
18008080
18008120
18008160
18008200
18008240
18008280
18008320
18008400
18008440
18008680
18008720
18008760
18008880
18008920
18008960
19000000
19000040
19000080
19000120
19000200
19000240
19000280
19000360
19000400
19000440
19000480
19000520
19000600
19000680
19000720
19000800
19000920
19001000
19001040
19001080
19001120
19001160
19001200
19001280
19001360
19001440
19001480
19001520
19001560
19001600
19001640
19001680
19001760
19001800
19001840
19001880
19001920
19001960
19002000
19002040
19002120
19002160
19002200
19002280
19002320
19002360
19002400
19002440
19002480
19002520
19002560
19002600
19002640
19002680
19002720
19002760
19002800
19002880
19002920
19002960
19003000
19003040
19003080
19003120
19003160
19003200
19003240
19003280
19003320
19003360
19003400
19003440
19003520
19003640
19003680
19003760
19003800
19003840
19003960
19004000
19004040
19004080
19004120
19004160
19004200
19004240
19004320
19004360
19004400
19004440
19004480
19004520
19004560
19004600
19004640
19004720
19004840
19004880
19004920
19004960
19005000
19005040
19005080
19005160
19005200
19005240
19005320
19005360
19005400
19005440
19005480
19005520
19005560
19005600
19005640
19005680
19005720
19005760
19005840
19005920
19005960
19006000
19006040
19006080
19006120
19006160
19006280
19006320
19006400
19006440
19006520
19006560
19006600
19006640
19006680
19006720
19006760
19006800
19006840
19006880
19006920
19007000
19007040
19007080
19007120
19007200
19007240
19007280
19007320
19007360
19007400
19007480
19007520
19007560
19007600
19007640
19007680
19007720
19007800
19007880
19007920
19008080
19008120
19008160
19008200
19008240
19008280
19008360
19008400
19008440
19008480
19008520
19008560
19008600
19008640
19008680
19008760
19008800
19008840
19008880
19008920
19008960
19009000
20000000
20000040
20000080
20000120
20000160
20000200
20000280
20000320
20000360
20000440
20000480
20000520
20000560
20000640
20000680
20000720
20000760
20000840
20000920
20000960
20001000
20001040
20001120
20001160
20001200
20001320
20001360
20001400
20001440
20001480
20001560
20001600
20001760
20001800
20001840
20001880
20001920
20001960
20002000
20002040
20002080
20002120
20002160
20002200
20002240
20002280
20002320
20002360
20002400
20002440
20002480
20002520
20002560
20002600
20002640
20002680
20002720
20002800
20002840
20002920
20002960
20003040
20003080
20003120
20003160
20003240
20003320
20003360
20003440
20003520
20003560
20003640
20003680
20003720
20003760
20003840
20003880
20003920
20003960
20004000
20004040
20004080
20004120
20004160
20004240
20004280
20004320
20004400
20004440
20004480
20004520
20004560
20004640
20004720
20004760
20004840
20004880
20004960
20005000
20005040
20005080
20005160
20005240
20005280
20005320
20005360
20005400
20005520
20005560
20005600
20005640
20005680
20005720
20005760
20005800
20005840
20005880
20005920
20005960
20006000
20006040
20006120
20006160
20006200
20006280
20006320
20006360
20006400
20006440
20006480
20006560
20006600
20006680
20006720
20006760
20006800
20006840
20006880
20007000
20007040
20007080
20007120
20007160
20007240
20007360
20007400
20007440
20007520
20007560
20007600
20007640
20007680
20007720
20007760
20007800
20007840
20007880
20007920
20007960
20008000
20008040
20008120
20008160
20008200
20008240
20008280
20008320
20008400
20008440
20008480
20008560
20008600
20008680
20008720
20008760
20008800
20008840
20008920
20008960
20009000
20009080
20009120
20009160
21000040
21000120
21000160
21000200
21000240
21000280
21000360
21000400
21000480
21000600
21000640
21000680
21000720
21000760
21000840
21000880
21000920
21001000
21001040
21001080
21001160
21001200
21001280
21001320
21001360
21001480
21001560
21001640
21001680
21001720
21001760
21001800
21001840
21001880
21001920
21001960
21002000
21002080
21002120
21002160
22000000
22000080
22000120
22000160
22000200
22000240
22000280
22000320
22000360
22000400
22000440
22000520
22000560
22000640
22000720
22000760
22000800
22000840
22000880
22000920
22000960
22001000
22001040
22001080
22001120
22001160
22001200
22001240
22001320
22001360
22001400
22001440
22001520
22001560
22001640
22001680
22001760
22001800
22001840
22001880
22001920
22001960
22002040
22002080
23000000
23000040
23000080
23000120
23000160
23000200
23000240
23000280
23000360
23000400
23000520
23000560
23000600
23000640
23000680
23000720
23000760
23000800
23000880
23000920
23000960
23001000
23001080
23001200
23001240
23001280
23001320
23001360
23001400
23001440
23001480
23001560
23001600
23001680
23001760
23001800
23001920
23001960
23002000
23002040
24000040
24000240
24000280
24000320
24000360
24000400
24000440
24000480
24000520
24000560
24000640
24000680
24000720
24000760
24000880
24000920
24000960
24001000
24001040
24001080
24001200
24001240
24001280
24001320
24001400
24001440
24001480
24001520
24001560
24001600
24001640
24001680
24001720
24001760
24001800
24001880
24001920
24001960
24002000
24002040
24002080
24002120
24002160
24002200
25000000
25000040
25000080
25000120
25000160
25000200
25000240
25000320
25000400
25000440
25000480
25000520
25000560
25000600
25000640
25000680
25000720
25000760
25000800
25000880
25000960
25001040
25001080
25001120
25001200
25001280
25001320
25001360
25001440
25001560
25001600
25001720
25001760
25001800
25001840
25001880
25001920
25001960
25002000
25002040
25002080
25002120
25002160
25002200
26000000
26000120
26000200
26000240
26000280
26000320
26000360
26000440
26000480
26000560
26000600
26000680
26000720
26000760
26000800
26000920
26000960
26001000
26001040
26001120
26001160
26001200
26001240
26001280
26001320
26001400
26001440
26001480
26001600
26001640
26001680
26001720
26001760
26001800
26001840
26001920
26001960
26002000
26002040
26002080
26002120
26002240
26002280
26002320
26002360
26002400
26002440
26002480
26002520
26002600
26002640
26002680
26002720
26002760
26002800
26002840
26002920
26003000
26003040
26003080
26003120
26003160
26003200
26003240
26003280
26003320
26003360
26003400
26003440
26003480
26003560
26003600
26003640
26003680
26003720
26003760
26003800
26003840
26003920
26003960
26004000
26004040
26004160
26004240
26004320
26004400
26004440
26004480
26004560
26004640
26004680
26004720
26004800
26004840
26004920
26004960
26005000
26005040
26005080
26005120
26005160
26005240
26005360
26005400
26005440
26005480
26005520
26005640
26005720
26005760
26005800
26005840
26005920
26005960
26006000
26006040
26006080
26006120
26006200
26006240
26006320
26006360
26006440
26006480
26006520
26006560
26006640
26006800
26006840
26006880
26006920
26006960
26007000
26007040
26007080
26007120
26007160
26007200
26007240
26007280
26007320
26007360
26007400
26007480
26007520
26007600
26007640
26007680
26007720
26007760
26007840
26007960
26008000
26008040
26008080
26008120
26008160
26008200
26008240
26008280
26008320
26008360
26008400
26008440
26008480
26008520
26008560
26008600
26008640
26008680
26008760
26008800
26008880
26008920
26008960
26009040
26009080
26009120
26009160
26009240
26009360
26009400
26009440
26009480
26009520
26009560
26009600
26009640
26009680
26009720
26009760
26009840
26009920
26009960
26010000
26010040
26010160
26010200
26010280
26010320
26010360
26010400
26010440
26010480
26010520
26010560
26010600
26010640
26010680
26010760
26010800
26010840
26010880
26010920
26010960
26011000
26011040
26011080
26011120
26011160
26011200
26011240
26011280
26011320
27000000
27000040
27000120
27000160
27000200
27000240
27000280
27000320
27000360
27000440
27000480
27000520
27000560
27000600
27000640
27000680
27000720
27000760
27000800
27000880
27000920
27001000
27001040
27001080
27001120
27001160
27001240
27001320
27001360
27001400
27001440
27001480
27001520
27001560
27001600
27001640
27001680
27001720
27001760
27001800
27001840
27001880
27001920
27001960
27002040
27002080
27002120
27002160
27002200
27002240
27002280
27002320
27002360
27002440
27002480
27002520
27002560
27002600
27002640
27002680
27002720
27002760
27002800
27002840
27002880
27002960
27003000
27003040
27003120
27003160
27003200
27003240
27003280
27003320
27003360
27003400
27003440
27003480
27003560
27003600
27003640
27003720
27003760
27003800
27003880
27003960
27004000
27004040
27004080
27004120
27004160
27004200
27004240
27004280
27004320
27004360
27004400
27004480
27004520
27004560
27004600
27004640
27004680
27004720
27004760
27004880
27004960
27005040
27005080
27005120
27005160
27005200
27005240
27005280
27005400
27005480
27005520
27005560
27005600
27005640
27005720
27005760
27005880
27005920
27005960
27006040
27006080
27006160
27006200
27006240
27006320
27006360
27006400
27006480
27006520
27006560
27006600
27006640
27006680
27006760
27006800
27006840
27006880
27006920
27007120
27007160
27007200
27007240
27007280
27007360
27007400
27007440
27007480
27007520
27007560
27007600
27007680
27007720
27007800
27007880
27007920
27007960
27008040
27008080
27008120
27008160
27008200
27008240
27008280
27008320
27008360
27008400
27008440
27008520
27008600
27008640
27008680
27008760
27008800
27008840
27008880
27008920
27008960
27009000
27009040
27009080
27009160
27009200
27009240
27009280
27009320
27009360
27009400
27009440
27009480
27009560
27009600
27009640
27009680
27009720
27009800
27009840
27009880
27009920
27009960
27010000
27010040
27010120
27010160
27010240
27010280
27010320
27010360
27010400
27010480
27010520
27010560
27010640
27010680
27010720
27010760
27010800
27010840
27010880
27010920
27010960
27011000
27011040
27011080
27011120
27011200
27011280
27011320
27011360
27011400
27011440
27011480
27011560
27011640
27011720
27011760
27011800
27011840
27011880
27011920
27012000
27012040
27012080
27012120
27012160
27012200
27012280
27012320
27012360
27012400
27012480
27012520
27012560
27012640
27012680
27012720
27012800
27012840
27012880
27012920
27012960
27013000
27013040
27013080
27013120
27013160
27013240
27013320
27013360
27013400
28000080
28000120
28000160
28000240
28000280
28000320
28000360
28000400
28000440
28000480
28000520
28000560
28000600
28000640
28000680
28000720
28000760
28000840
28000920
28000960
28001040
28001120
28001160
28001240
28001320
28001360
28001400
28001440
28001480
28001560
28001600
28001680
28001800
28001840
28001880
28001920
28001960
28002000
28002040
28002080
28002200
28002240
28002280
28002360
28002400
28002440
28002560
28002600
28002680
28002720
28002760
28002840
28002880
28003000
28003040
28003080
28003120
28003160
28003200
28003240
28003320
28003400
28003440
28003480
28003520
28003560
28003600
28003680
28003720
28003760
28003800
28003880
28003920
28003960
28004000
28004040
28004080
28004120
28004200
28004240
28004280
28004320
28004400
28004440
28004480
28004520
28004560
28004600
28004640
28004680
28004720
28004760
28004800
28004840
28004880
28004920
28004960
28005080
28005200
28005240
28005280
28005320
28005400
28005440
28005480
28005520
28005560
28005600
28005680
28005720
28005760
28005800
28005840
28005880
28005920
28005960
28006000
28006040
28006080
28006120
28006160
28006200
28006240
28006280
28006320
28006360
28006400
28006440
28006480
28006520
28006560
28006600
28006640
28006680
28006760
28006840
28006880
28006920
28006960
28007000
28007040
28007080
28007120
28007160
28007200
28007280
28007360
28007400
28007440
28007480
28007520
28007600
28007640
28007680
28007720
28007760
28007800
28007840
28007880
28007920
28007960
28008000
28008040
28008080
28008120
28008160
28008200
28008240
28008280
28008320
28008480
28008600
28008640
28008680
28008720
28008800
28008840
28008920
28008960
28009000
28009040
28009080
28009120
28009160
28009200
28009240
28009280
28009320
28009360
28009400
28009440
28009480
28009520
28009640
28009720
28009760
28009800
28009840
28009880
28009920
29000000
29000040
29000080
29000120
29000160
29000240
29000360
29000480
29000560
29000600
29000640
29000680
29000840
29000880
29000920
29000960
29001000
29001080
29001120
29001160
29001200
29001240
29001280
29001320
29001400
29001440
29001480
29001520
29001560
29001600
29001640
29001680
29001760
29001800
29001840
29001920
29001960
29002000
29002040
29002080
29002120
29002160
29002200
29002240
29002320
29002360
29002400
29002440
29002480
29002520
29002560
29002640
29002680
29002720
29002760
29002840
29002880
29002920
29003000
29003040
29003120
29003160
29003200
29003240
29003320
29003400
29003480
29003520
29003560
29003600
29003640
29003680
29003720
29003800
29003880
29003960
29004000
29004040
29004080
29004120
29004160
29004240
29004280
29004320
29004400
29004440
29004520
29004560
29004600
29004640
29004680
29004720
29004760
29004800
29004840
29004920
29005000
29005040
29005080
29005120
29005240
29005280
29005320
29005360
29005440
29005520
29005600
29005640
29005680
29005760
29005800
29005840
29005880
29005920
29005960
29006040
29006080
29006120
29006200
29006240
29006320
29006400
29006440
29006520
29006560
29006640
29006680
29006720
29006760
29006800
29006880
29006920
29006960
29007000
29007040
29007120
29007160
29007280
29007320
29007360
29007400
29007440
29007480
29007520
29007560
29007600
29007680
29007760
29007840
29007920
29008000
29008200
29008240
29008280
29008320
29008360
29008400
29008440
29008480
29008520
29008600
29008680
29008720
29008760
29008800
29008840
29008880
29008920
29008960
29009040
29009080
29009120
29009160
29009200
29009240
29009280
29009320
29009400
29009440
29009480
29009560
29009600
29009640
29009720
29009760
29009840
29009920
30000000
30000040
30000200
30000240
30000280
30000320
30000360
30000400
30000440
30000480
30000520
30000560
30000600
30000640
30000680
30000760
30000880
30000920
30000960
30001000
30001040
30001080
30001120
30001160
30001200
30001280
30001320
30001360
30001440
30001480
30001520
30001560
30001600
30001640
30001760
30001800
30001840
30001880
30001920
30001960
30002000
30002040
30002080
30002120
30002160
30002280
30002360
30002400
30002440
30002480
30002520
30002560
30002600
30002640
30002680
30002760
30002800
30002840
30002920
30002960
30003000
30003040
30003080
30003120
30003200
30003240
30003280
30003320
30003360
30003400
30003440
30003520
30003560
30003600
30003640
30003680
30003800
30003840
30003920
30003960
30004000
30004040
30004120
30004200
30004240
30004280
30004320
30004360
30004400
30004440
30004520
30004560
30004600
30004640
30004680
30004720
30004760
30004840
30004880
30004920
30004960
30005040
30005080
30005120
30005200
30005240
30005280
30005320
30005360
30005400
30005440
30005520
30005560
30005600
30005640
30005680
30005720
30005760
30005800
30005840
30005880
30005920
30005960
30006040
30006080
30006120
30006160
30006200
30006240
30006280
30006320
30006360
30006400
30006440
30006480
30006600
30006640
30006680
30006720
30006760
30006800
30006840
30006880
30006960
30007000
30007080
30007120
30007160
30007280
30007400
30007520
30007640
30007680
30007720
30007760
30007800
30007840
30007920
30007960
30008000
30008040
30008080
30008120
30008160
30008200
30008240
30008280
30008320
30008360
30008400
30008440
30008520
30008560
30008600
30008640
30008720
30008760
30008800
30008840
30008880
30008920
30008960
30009000
30009040
30009080
30009120
30009200
30009240
30009280
30009320
30009440
30009480
30009560
30009600
30009640
30009720
30009760
30009800
30009840
30009880
30009920
31000000
31000040
31000120
31000160
31000240
31000280
31000320
31000360
31000400
31000440
31000480
31000560
31000600
31000640
31000680
31000720
31000800
31000840
31000880
31000920
31000960
31001000
31001040
31001120
31001160
31001200
31001240
31001280
31001360
31001400
31001440
31001520
31001560
31001600
31001640
31001680
31001720
31001760
31001800
31001840
31001920
31002000
31002040
31002120
31002200
31002240
31002280
31002320
31002360
31002400
31002480
31002520
31002560
31002600
31002680
31002720
31002760
31002800
31002840
31002880
31002920
31002960
31003000
31003040
31003080
31003120
31003160
31003200
31003240
31003280
31003320
31003400
31003440
31003520
31003600
31003640
31003680
31003800
31003840
31003880
31003920
31003960
31004040
31004080
31004160
31004200
31004280
31004320
31004400
31004480
31004520
31004600
31004640
31004680
31004760
31004800
31004840
31004880
31004920
31005000
31005040
31005120
31005160
31005240
31005280
31005320
31005360
31005440
31005480
31005520
31005560
31005600
31005640
31005680
31005760
31005840
31005880
31005920
31005960
31006000
31006040
31006080
31006200
31006240
31006320
31006400
31006440
31006520
31006600
31006640
31006720
31006760
31006800
31006840
31006880
31006920
31006960
31007000
31007040
31007080
31007120
31007160
31007200
31007240
31007360
31007400
31007520
31007600
31007640
31007680
31007720
31007760
31007800
31007840
31007880
31007920
31007960
31008000
31008040
31008080
31008120
31008160
31008200
31008240
31008280
31008360
31008400
31008480
31008520
31008560
31008600
31008640
31008720
31008760
31008800
31008840
31008920
31008960
31009000
31009120
31009200
31009240
31009280
31009320
31009400
31009480
31009560
31009600
31009640
31009680
31009720
31009760
31009800
31009840
32000000
32000040
32000080
32000120
32000200
32000240
32000280
32000360
32000400
32000440
32000640
32000680
32000720
32000760
32000800
32000840
32000880
32000920
32000960
32001000
32001040
32001080
32001120
32001160
32001240
32001280
32001320
32001360
32001400
32001440
32001480
32001560
32001600
32001640
32001680
32001720
32001760
32001800
32001840
32001880
32001920
32001960
32002000
32002040
32002080
32002120
32002160
32002200
32002280
32002320
32002360
32002400
32002440
32002480
32002560
32002640
32002680
32002720
32002760
32002800
32002840
32002920
32002960
32003000
32003040
32003080
32003120
32003160
32003240
32003280
32003320
32003360
32003400
32003480
32003520
32003560
32003600
32003640
32003680
32003720
32003760
32003800
32003840
32003920
32003960
32004000
32004080
32004120
32004160
32004200
32004240
32004320
32004360
32004400
32004480
32004520
32004560
32004600
32004640
32004680
32004760
32004800
32004840
32004960
32005000
32005040
32005080
32005120
32005160
32005200
32005240
32005280
32005320
32005360
32005400
32005440
32005520
32005560
32005600
32005640
32005680
32005800
32005840
32005880
32005920
32005960
32006000
32006040
32006080
32006160
32006200
32006240
32006320
32006360
32006400
32006440
32006480
32006520
32006560
32006600
32006680
32006720
32006760
32006800
32006840
32006880
32006960
32007000
32007040
32007080
32007120
32007160
32007200
32007240
32007280
32007360
32007400
32007480
32007520
32007560
32007600
32007640
32007760
32007800
32007840
32007880
32008000
32008040
32008080
32008120
32008160
32008200
32008240
32008280
32008360
32008440
32008480
32008520
32008560
32008600
32008640
32008680
32008800
32008880
32008920
32008960
32009000
32009040
32009080
32009120
32009200
32009240
32009280
32009320
32009360
32009400
32009440
32009480
32009520
32009560
32009600
32009640
32009680
32009720
32009760
32009840
32009920
33000040
33000080
33000120
33000200
33000280
33000320
33000400
33000440
33000480
33000520
33000560
33000640
33000680
33000720
33000760
33000800
33000840
33000880
33000920
33000960
33001000
33001080
33001120
33001160
33001240
33001280
33001320
33001360
33001440
33001480
33001600
33001640
33001680
33001720
33001800
33001840
33001880
33001960
33002000
33002080
33002120
33002160
33002200
33002240
33002280
33002320
33002360
33002440
33002480
33002520
33002560
33002640
33002680
33002720
33002760
33002840
33002880
33002920
33002960
33003000
33003080
33003120
33003160
33003240
33003280
33003320
33003360
33003480
33003520
33003560
33003600
33003640
33003680
33003720
33003760
33003800
33003840
33003920
33003960
33004000
33004040
33004080
33004120
33004160
33004200
33004240
33004280
33004320
33004360
33004400
33004560
33004600
33004640
33004680
33004720
33004760
33004800
33004840
33004880
33004960
33005000
33005040
33005080
33005120
33005160
33005240
33005280
33005320
33005360
33005400
33005440
33005520
33005560
33005600
33005680
33005720
33005760
33005840
33005880
33005960
33006000
33006040
33006120
33006200
33006240
33006320
33006360
33006400
33006440
33006480
33006520
33006560
33006600
33006640
33006680
33006720
33006800
33006840
33006880
33006920
33007000
33007040
33007160
33007200
33007240
33007320
33007360
33007400
33007440
33007480
33007520
33007560
33007600
33007640
33007760
33007800
33007840
33007880
33007920
33007960
33008040
33008080
33008120
33008160
33008200
33008240
33008280
33008360
33008440
33008480
33008520
33008560
33008600
33008640
33008720
33008760
33008840
33008880
33008920
33008960
33009000
33009040
33009080
33009120
33009160
33009200
33009240
33009280
33009320
33009360
33009400
33009440
33009520
33009560
33009600
33009680
33009760
33009800
33009840
33009880
33009920
33009960
33010000
33010040
33010080
33010120
33010200
33010240
33010280
33010320
33010400
33010440
33010520
33010560
33010640
33010680
33010720
33010760
33010840
33010880
33010920
33010960
33011000
33011040
33011080
33011160
33011200
33011240
33011280
33011320
33011400
33011440
33011480
33011560
33011640
33011680
33011720
33011760
33011800
33011840
33011880
33011920
33011960
33012000
33012040
33012120
33012160
33012200
33012240
34000000
34000040
34000080
34000160
34000200
34000240
34000280
34000320
34000400
34000440
34000480
34000520
34000560
34000640
34000680
34000800
34000840
34000880
34000920
34000960
34001000
34001040
34001080
34001120
34001200
34001320
34001360
34001400
34001440
34001520
34001560
34001600
34001640
34001680
34001720
34001760
34001800
34001840
34001880
34001920
34001960
34002000
34002040
34002080
34002120
34002160
34002240
34002280
34002320
34002360
34002400
34002440
34002480
34002520
34002560
34002600
34002640
34002720
34002760
34002840
34002880
34002920
34003080
34003120
34003160
34003200
34003240
34003280
34003360
34003400
34003440
34003480
34003520
34003560
34003600
34003640
34003680
34003720
34003760
34003800
34003840
34003920
34003960
34004040
34004080
34004120
34004160
34004200
34004240
34004280
34004320
34004360
34004400
34004480
34004520
34004560
34004600
34004640
34004680
34004720
34004760
34004840
34004880
34004920
34004960
34005000
34005040
34005080
34005120
34005160
34005200
34005240
34005360
34005400
34005440
34005480
34005520
34005600
34005640
34005720
34005760
34005840
34005880
34006040
34006080
34006160
34006200
34006240
34006320
34006360
34006400
34006440
34006480
34006520
34006600
34006640
34006680
34006760
34006800
34006840
34006880
34006960
34007000
34007080
34007120
34007160
34007200
34007240
34007280
34007360
34007400
34007440
34007520
34007600
34007640
34007680
34007720
34007760
34007800
34007840
34007880
34007920
34007960
34008000
34008040
34008120
34008200
34008240
34008280
34008320
34008360
34008400
34008440
34008480
34008520
34008560
34008640
34008680
34008720
34008760
34008800
34008840
34008880
34008920
34008960
34009040
34009080
34009160
34009200
34009240
34009280
34009320
34009360
34009400
34009440
34009520
34009560
34009600
34009640
34009680
34009720
34009760
34009800
34009840
34009880
34009960
34010000
34010040
34010080
34010120
34010160
34010240
34010280
34010320
34010360
34010400
34010440
34010480
34010560
34010640
34010680
34010720
34010760
34010840
34010880
34010920
34010960
34011040
34011080
34011120
34011160
34011200
34011280
34011320
34011360
34011400
34011440
34011480
34011520
34011560
34011600
34011640
34011680
34011720
34011760
34011800
34011840
34011880
34011920
34011960
34012000
34012040
34012080
34012120
34012160
34012200
34012240
35000000
35000040
35000160
35000200
35000240
35000320
35000360
35000400
35000440
35000480
35000520
35000560
35000600
35000640
35000720
35000760
35000800
35000840
35000920
35000960
35001000
35001080
35001120
35001160
35001280
35001320
35001360
35001400
35001440
35001520
35001560
35001600
35001680
35001720
35001800
35001840
35001880
35001920
35001960
35002000
35002040
35002080
35002120
35002160
35002240
35002360
35002400
35002440
35002480
35002520
35002560
35002600
35002640
35002680
35002760
35002800
35002840
35002880
35002920
35002960
35003080
35003120
35003160
35003200
35003240
35003280
35003320
35003480
35003520
35003560
35003600
35003680
35003720
35003760
35003840
35003880
35003920
35003960
35004000
35004040
35004120
35004160
35004200
35004320
35004400
35004440
35004480
35004560
35004600
35004680
35004720
35004800
35004880
35004920
35004960
35005000
35005040
35005080
35005120
35005160
35005200
35005240
35005280
35005360
35005400
35005440
35005480
35005520
35005560
35005640
35005680
35005720
35005760
35005800
35005840
35005880
35005960
35006000
35006120
35006160
35006200
35006240
35006280
35006320
35006360
35006440
35006480
35006560
35006600
35006640
35006680
35006720
35006760
35006800
35006920
35006960
35007000
35007040
35007080
35007120
35007160
35007200
35007320
35007360
35007400
35007480
35007520
35007560
35007600
35007640
35007680
35007720
35007760
35007800
35007880
35007920
35007960
35008000
35008040
36000000
36000040
36000080
36000120
36000160
36000200
36000240
36000280
36000320
36000360
36000400
36000440
36000480
36000520
36000600
36000640
36000680
36000720
36000760
36000840
36000880
36000920
36000960
36001000
36001040
36001080
36001120
36001160
36001240
36001280
36001320
36001360
36001400
36001480
36001520
36001560
36001600
36001640
36001680
36001760
36001800
36001840
36001880
36001920
36001960
36002000
36002040
36002080
36002200
36002240
36002400
36002480
36002560
36002600
36002640
36002680
36002720
36002760
36002840
36002880
36002920
36002960
36003000
36003040
36003120
36003160
36003200
36003280
36003320
36003360
36003440
36003520
36003560
36003600
36003640
36003680
36003720
36003760
36003800
36003840
36003880
36003920
36003960
36004000
36004040
36004080
36004120
36004160
36004200
36004240
36004280
36004320
36004400
36004440
36004480
36004600
36004640
36004760
36004800
36004840
36004880
36004920
36005000
36005040
36005080
36005120
36005200
36005240
36005280
36005360
36005400
36005480
36005520
36005560
36005600
36005640
36005680
36005720
36005760
36005800
36005840
36005880
36005920
36005960
36006000
36006040
36006120
36006160
36006240
36006280
36006360
36006480
36006520
36006600
36006640
36006680
36006720
36006760
36006800
36006840
36006880
36006920
36006960
36007000
36007040
36007080
36007120
36007160
36007200
36007240
36007280
36007320
36007360
36007400
36007440
36007520
36007560
36007600
36007640
36007680
36007720
36007760
36007800
36007840
36007880
36007960
36008040
36008080
36008120
36008160
36008200
36008240
36008320
36008360
36008400
36008440
36008520
36008600
36008640
36008680
36008720
36008760
36008800
36008840
36008960
36009040
36009080
36009120
36009160
36009200
36009240
36009400
36009440
36009480
36009560
36009600
36009640
36009680
36009720
36009760
36009800
36009840
36009880
36009960
36010000
36010040
36010080
36010120
36010160
36010200
36010280
36010320
36010360
36010400
36010440
36010480
36010520
36010560
36010600
36010640
37000040
37000080
37000120
37000160
37000200
37000280
37000360
37000400
37000440
37000560
37000720
37000760
37000800
37000840
37000880
37000920
37000960
37001040
37001080
37001120
37001200
37001280
37001360
37001440
37001480
37001520
37001560
37001600
37001680
37001720
37001760
37001800
37001840
37001880
37001960
37002000
37002080
37002120
37002160
37002240
37002280
37002320
37002360
37002440
37002480
37002520
37002560
37002600
37002680
37002720
37002800
37002840
37002880
37002920
37002960
37003000
37003040
37003080
37003120
37003160
37003200
37003240
37003320
37003400
37003440
37003480
37003520
37003560
37003600
37003680
37003800
37003840
37003880
37003920
37003960
37004000
37004040
37004080
37004120
37004160
37004200
37004240
37004280
37004360
37004400
37004480
37004520
37004560
37004600
37004640
37004680
37004760
37004800
37004840
37004880
37004920
37004960
37005000
37005040
37005080
37005120
37005240
37005280
37005320
37005360
37005400
37005440
37005520
37005560
37005600
37005640
37005720
37005800
37005840
37005880
37005960
37006000
37006040
37006080
37006120
37006160
37006200
37006280
37006320
37006360
37006400
37006440
37006480
37006520
37006600
37006640
37006680
37006720
37006760
37006800
37006840
37006880
37006920
37006960
37007040
37007080
37007120
37007160
37007200
37007280
37007320
37007360
37007400
37007440
37007480
37007520
37007560
37007600
37007640
37007680
37007720
37007760
37007800
37007880
37007920
37007960
37008000
37008080
37008120
37008160
37008240
37008280
37008320
37008360
37008400
37008440
37008520
37008560
37008600
37008640
37008680
37008720
37008760
37008800
37008840
37008880
37008920
37008960
37009000
37009040
37009080
37009120
37009160
37009200
37009240
37009320
37009360
37009400
37009440
37009480
37009520
37009560
37009600
37009640
37009680
37009720
37009760
37009840
37009880
37009920
38000000
38000080
38000120
38000200
38000240
38000280
38000320
38000360
38000400
38000480
38000520
38000560
39000000
39000080
39000120
39000160
39000200
39000240
39000280
39000320
39000360
39000520
39000560
40000000
40000040
40000080
40000120
40000200
40000240
40000320
40000360
40000400
40000440
40000480
41000000
41000040
41000080
41000120
41000160
41000200
41000240
41000280
41000360
41000400
41000440
41000480
41000520
41000560
41000600
41000640
41000680
41000720
41000840
41000920
41000960
41001000
41001040
41001080
41001120
41001160
41001240
41001280
41001320
41001360
41001400
41001480
42000000
42000040
42000080
42000120
42000160
42000200
42000240
42000320
42000360
42000400
42000440
42000480
42000520
42000560
42000600
42000680
42000720
42000800
42000880
42000920
42001000
42001040
42001080
42001120
42001160
42001240
42001280
42001320
42001360
42001400
42001440
42001480
42001520
42001560
42001600
42001640
42001680
42001720
42001800
42001840
42001880
42001920
42001960
42002000
42002040
42002080
42002120
42002160
42002200
42002360
42002440
42002480
42002520
42002560
42002600
42002640
42002680
42002720
42002760
42002800
42002840
42002880
42002920
42002960
42003040
42003080
42003120
42003200
42003240
42003280
42003320
42003360
42003400
42003440
42003480
42003560
42003600
42003640
42003720
42003800
42003880
42003920
42003960
42004000
42004040
42004080
42004120
42004160
42004200
42004240
42004280
42004360
42004400
42004440
42004480
42004520
42004560
42004600
42004640
42004680
42004720
42004800
42004840
42004880
42004920
42004960
42005000
42005040
42005080
42005120
42005160
42005200
42005240
42005280
42005320
42005360
42005400
42005440
42005480
42005520
42005560
42005600
42005640
42005680
42005720
42005760
42005800
42005840
42005960
42006000
42006040
42006080
42006120
42006200
42006280
42006320
42006400
42006440
42006520
42006560
42006600
42006640
42006800
42006840
42006920
42006960
42007040
42007080
42007120
42007160
42007200
42007240
42007280
42007320
42007360
42007440
42007560
42007600
42007640
42007680
42007760
42007800
42007880
42007920
42007960
42008040
42008080
42008120
42008160
42008200
42008280
42008320
42008360
42008400
42008440
42008480
42008520
42008560
42008600
42008640
42008680
42008720
42008760
42008880
42008920
42009000
42009040
42009080
42009120
42009160
42009240
42009320
42009360
42009400
42009440
42009480
42009520
42009560
42009600
42009640
42009720
42009800
42009880
42009960
42010000
42010040
42010080
42010120
42010160
42010240
42010280
42010320
42010400
42010440
42010480
42010520
42010560
42010600
42010640
42010680
42010720
42010800
42010840
42010880
42010920
42010960
42011000
42011040
42011160
42011200
42011240
42011280
42011360
42011400
42011600
42011640
42011760
42011840
42011960
42012000
42012040
42012080
42012160
42012200
42012240
42012280
42012320
42012440
42012560
42012640
42012680
42012720
42012800
42012840
42012920
42012960
42013000
42013040
42013080
42013120
42013160
42013200
42013240
42013280
42013360
42013400
42013440
42013480
42013520
42013560
42013600
42013720
42013760
42013840
42013880
42013920
42013960
42014000
42014040
43000000
43000040
43000080
43000120
43000200
43000240
43000280
43000320
43000360
43000400
43000440
43000480
43000520
43000560
43000600
43000640
43000680
43000720
43000760
43000800
43000840
43000920
43001000
43001040
43001120
43001160
43001200
43001240
43001280
43001320
43001360
43001440
43001480
43001520
43001560
43001600
43001640
43001680
43001760
43001800
43001840
43001880
43001920
43001960
43002000
43002080
43002160
43002200
43002240
43002360
43002400
43002480
43002520
43002560
43002600
43002640
43002720
43002760
43002800
43002840
43002880
43002920
43002960
43003000
43003040
43003080
43003120
43003160
43003200
43003240
43003320
43003360
43003400
43003440
43003480
43003520
43003600
43003640
43003760
43003800
43003840
43003880
43003920
43003960
43004000
43004120
43004160
43004200
43004240
43004320
43004360
43004400
43004440
43004480
43004520
43004560
43004600
43004720
43004760
43004800
43004840
43004880
43004960
43005000
43005040
43005080
43005120
43005200
43005240
43005320
43005360
43005400
43005480
43005520
43005600
43005680
43005720
43005760
43005880
43005960
43006000
43006040
43006120
43006160
43006200
43006240
43006280
43006320
43006400
43006440
43006480
43006520
43006560
43006600
43006680
43006800
43006840
43006880
43006920
43006960
43007000
43007040
43007080
43007120
43007160
43007200
43007240
43007280
43007320
43007360
43007400
43007440
43007480
43007520
43007560
43007600
43007640
43007720
43007880
43007920
43007960
43008000
43008040
43008080
43008120
43008160
43008200
43008280
43008320
43008360
43008400
43008440
43008480
43008520
43008560
43008600
43008640
43008680
43008760
43008800
43008840
43008880
43008960
43009000
43009040
43009080
43009120
43009160
43009240
43009320
43009360
43009400
43009440
43009480
43009520
43009560
43009600
43009640
43009720
43009760
43009800
43009840
43009880
43009920
43009960
43010000
43010040
43010160
43010200
43010240
43010280
43010320
43010360
43010400
43010440
43010560
43010600
43010640
43010680
43010720
43010760
43010800
43010920
43010960
43011000
43011040
43011080
43011120
43011160
43011200
43011240
43011320
43011360
43011400
43011480
43011520
43011560
43011600
43011680
43011720
43011760
43011840
43011880
43011960
43012000
43012040
43012080
43012120
43012160
43012200
43012240
43012280
43012320
43012360
43012400
43012440
43012480
43012520
43012600
43012680
43012720
43012760
43012800
43012840
43012880
43012920
43013040
43013080
43013120
43013240
43013280
43013320
43013360
43013400
43013480
43013560
43013600
43013680
43013720
43013760
43013800
43013880
43013920
43013960
43014000
43014040
44000000
44000040
44000080
44000120
44000160
44000240
44000280
44000320
44000360
44000400
44000440
44000480
44000520
44000600
44000720
44000760
44000800
44000840
44000880
44000920
44000960
44001000
44001040
44001080
44001240
44001360
44001400
44001440
44001480
44001520
44001560
44001600
44001640
44001680
44001720
44001800
44001840
44001880
44001920
44001960
44002040
44002080
44002160
44002200
44002240
44002320
44002360
44002400
44002440
44002480
44002520
44002560
44002600
44002680
44002760
44002800
44002840
44002880
44002920
44003000
44003080
44003120
44003160
44003200
44003240
44003320
44003360
44003400
44003440
44003480
44003520
44003560
44003640
44003680
44003720
44003760
44003800
44003840
44003880
44003920
44003960
44004000
44004040
44004080
44004120
44004160
44004200
44004280
44004320
44004360
44004400
44004440
44004480
44004520
44004560
44004600
44004640
44004760
44004840
44004880
44004960
44005000
44005040
44005080
44005120
44005160
44005200
44005240
44005280
44005440
44005600
44005640
44005720
44005760
44005800
44005840
44005880
44005920
44005960
44006040
44006080
44006160
44006240
44006320
44006360
44006400
44006440
44006520
44006560
44006600
44006680
44006720
44006760
44006800
44006840
44006880
44006920
44006960
44007080
44007120
44007160
44007200
44007240
44007280
44007320
44007360
44007400
44007440
44007480
44007520
44007560
44007600
44007640
44007680
44007720
44007760
44007840
44007880
44007920
44007960
44008000
44008040
44008080
44008120
44008160
44008200
44008240
44008280
44008320
44008360
44008400
44008440
44008480
44008520
44008600
44008640
44008680
44008720
44008840
44008880
44008920
44008960
44009000
44009040
44009080
44009120
44009160
44009200
44009240
44009280
44009360
44009400
44009440
44009480
44009560
44009600
44009680
44009720
44009760
44009800
44009840
44009880
44009920
44010000
44010040
44010080
44010120
44010160
44010200
44010240
44010280
44010320
44010360
44010400
44010440
44010480
44010600
44010640
44010680
44010720
44010760
44010800
44010840
44010880
44010920
44010960
44011080
44011120
44011160
44011240
44011280
44011320
44011400
44011440
44011560
44011600
44011640
44011680
44011760
44011840
44011920
44011960
44012000
44012080
44012120
44012160
44012200
44012240
44012280
44012360
44012400
44012440
44012480
44012520
44012560
44012720
44012760
44012800
44012840
44012880
44012920
44013000
44013040
44013080
44013120
44013160
44013200
44013240
44013280
44013320
44013440
44013480
44013520
44013560
44013600
44013720
44013760
44013800
44013880
44013920
44013960
44014000
44014040
45000000
45000040
45000200
45000240
45000280
45000320
45000400
45000480
45000520
45000560
45000680
45000720
45000760
45000800
45000840
45000880
45000920
45000960
45001000
45001040
45001080
45001120
45001200
45001240
45001280
45001320
45001360
45001400
45001440
45001480
45001560
45001600
45001640
45001680
45001720
45001760
45001800
45001840
45001880
45001920
45001960
45002000
45002040
45002080
45002120
45002200
45002240
45002280
45002320
45002360
45002400
45002440
45002520
45002560
45002640
45002680
45002720
45002800
45002840
45002880
45002920
45002960
45003000
45003040
45003080
45003160
45003200
45003240
45003280
45003320
45003360
45003440
45003480
45003520
45003640
45003680
45003720
45003760
45003840
45003880
45003920
45003960
45004000
45004080
45004120
45004200
45004240
45004280
45004400
45004440
45004480
45004560
45004640
45004680
45004760
45004800
45004840
45004920
45004960
45005000
45005040
45005080
45005120
45005240
45005280
45005320
45005360
45005400
45005480
45005560
45005600
45005640
45005720
45005840
45005880
45005920
45005960
45006000
45006040
45006080
45006160
45006200
45006240
45006280
45006320
45006360
45006400
45006440
45006480
45006520
45006560
45006600
45006640
45006680
45006760
45006800
45006840
45006880
45006920
45006960
45007000
45007040
45007080
45007120
45007160
45007240
45007280
45007320
45007360
45007400
45007440
45007480
45007520
45007560
45007600
45007640
45007680
45007720
45007760
45007800
45007840
45007880
45007920
45007960
45008000
45008040
45008080
45008120
45008160
45008240
45008320
45008360
45008440
45008480
45008520
45008560
45008640
45008680
45008720
45008760
45008800
45008840
45008880
45008920
45008960
45009000
45009040
45009120
45009160
45009200
45009240
45009280
45009320
45009360
45009400
45009440
45009520
45009560
45009600
45009640
45009680
45009720
45009800
45009840
45009880
45009920
45009960
45010000
45010040
45010080
45010120
45010160
45010200
45010240
45010280
45010320
45010360
45010400
45010440
45010480
45010560
45010600
45010680
45010800
45010840
45010880
45010920
45010960
45011000
45011040
45011080
45011120
45011160
45011200
45011240
45011280
45011320
45011360
45011400
45011440
45011480
45011520
45011560
45011600
45011640
45011680
45011760
45011800
45011840
45011880
45011920
45011960
45012000
45012040
45012080
45012160
45012200
45012240
45012320
45012360
45012400
45012440
45012480
45012520
45012560
45012600
45012640
46000040
46000080
46000120
46000160
46000200
46000280
46000320
46000360
46000440
46000480
46000520
46000560
46000600
46000640
46000680
46000760
46000800
46000840
46000880
46000920
46000960
46001000
46001040
46001080
46001160
46001200
46001280
46001320
46001400
46001480
46001520
46001560
46001600
46001640
46001680
46001760
46001800
46001840
46001880
46001960
46002080
46002200
46002240
46002280
46002320
46002360
46002400
46002440
46002480
46002520
46002560
46002600
46002680
46002720
46002800
46002840
46002880
46002920
46003080
46003200
46003240
46003360
46003400
46003440
46003480
46003520
46003600
46003640
46003680
46003720
46003760
46003800
46003840
46003880
46003920
46003960
46004000
46004080
46004120
46004160
46004200
46004240
46004320
46004360
46004400
46004440
46004520
46004560
46004600
46004760
46004840
46004880
46004920
46004960
46005000
46005040
46005080
46005120
46005160
46005200
46005280
46005320
46005360
46005400
46005440
46005480
46005520
46005560
46005600
46005640
46005680
46005720
46005760
46005840
46005880
46005920
46005960
46006000
46006040
46006120
46006160
46006320
46006400
46006440
46006480
46006520
46006560
46006600
46006640
46006680
46006720
46006760
46006800
46006840
46006880
46006920
46006960
46007000
46007040
46007120
46007160
46007200
46007240
46007280
46007360
46007400
46007440
46007480
46007520
46007560
46007640
46007680
46007760
46007800
46007840
46007880
46007920
46007960
46008000
46008040
46008080
46008120
46008200
46008240
46008280
46008320
46008400
46008440
46008520
46008560
46008600
46008640
46008680
46008760
46008800
46008840
46008880
46008920
46008960
46009000
46009040
46009120
46009160
46009200
46009240
46009280
46009360
46009400
46009440
46009480
46009520
46009560
46009600
46009720
46009760
46009840
46009880
46009920
46009960
46010000
46010040
46010160
46010200
46010240
46010280
46010360
46010400
46010440
46010480
46010520
46010560
46010600
46010640
46010680
46010720
46010760
46010840
46010880
46010920
46010960
46011000
46011080
46011160
46011200
46011240
46011280
46011320
46011360
46011400
46011440
46011480
46011520
46011600
46011640
46011680
46011720
46011760
46011800
46011840
46011880
46011920
46011960
46012000
46012080
46012160
46012240
46012360
46012400
46012440
46012480
46012560
46012600
46012640
46012680
47000000
47000040
47000080
47000120
47000160
47000280
47000320
47000360
47000400
47000480
47000520
47000560
47000600
47000640
47000680
47000720
47000760
47000840
47000880
47000920
47000960
47001000
47001040
47001080
47001160
47001280
47001320
47001360
47001400
47001440
47001480
47001520
47001560
47001600
47001640
47001680
47001720
47001760
47001800
47001840
47001920
47001960
47002000
47002040
47002080
47002120
47002160
47002280
47002320
47002360
47002400
47002440
47002520
47002560
47002600
47002640
47002680
47002720
47002760
47002800
47002880
47002920
47002960
47003000
47003040
47003080
47003200
47003240
47003280
47003320
47003360
47003400
47003480
47003520
47003560
47003600
47003640
47003680
47003720
47003760
47003800
47003840
47003920
47004000
47004040
47004080
47004120
47004160
47004200
47004320
47004360
47004400
47004480
47004520
47004560
47004600
47004720
47004800
47004880
47004920
47004960
47005000
47005040
47005080
47005120
47005160
47005200
47005240
47005280
47005360
47005400
47005440
47005480
47005520
47005560
47005600
47005680
47005720
47005760
47005800
47005840
47005880
47005920
47006000
47006040
47006080
47006120
47006160
47006200
47006240
47006280
47006320
47006360
47006440
47006480
47006520
47006560
47006640
47006680
47006720
47006760
47006800
47006880
47006920
47006960
47007040
47007080
47007120
47007240
47007320
47007360
47007440
47007520
47007600
47007640
47007720
47007760
47007800
47007840
47007880
47007920
47008000
47008080
47008120
47008160
47008240
47008280
47008320
47008360
47008400
47008440
47008480
47008520
47008560
47008640
47008680
47008720
47008800
47008840
47008880
47008920
47008960
47009000
47009040
47009080
47009160
47009200
47009240
47009280
47009320
47009400
47009480
47009560
47009600
47009640
47009720
47009840
47009880
47009920
47010000
47010040
47010080
47010120
47010160
47010240
47010280
47010320
47010360
47010400
47010440
47010480
47010520
47010560
47010600
47010640
47010720
47010760
47010800
47010840
47010880
47010920
47010960
47011000
47011040
47011080
47011120
47011160
47011200
47011240
47011320
47011360
47011400
47011440
48000000
48000040
48000080
48000200
48000320
48000360
48000480
48000520
48000560
48000600
48000640
48000680
48000720
48000760
48000800
48000840
48000880
48000920
48000960
48001000
48001040
48001080
48001160
48001240
48001280
48001320
48001360
48001400
48001480
48001520
48001560
48001600
48001640
48001680
48001720
48001760
48001840
48002040
48002080
48002120
48002200
48002240
48002280
48002320
48002400
48002440
48002480
48002520
48002560
48002600
48002680
48002720
48002760
48002800
48002840
48002880
48002920
48002960
48003000
48003040
48003120
48003200
48003240
48003280
48003320
48003360
48003400
48003440
48003480
48003520
48003560
48003600
48003680
48003720
48003760
48003800
48003840
48003880
48003960
48004000
48004040
48004080
48004160
48004200
48004240
48004280
48004320
48004360
48004400
48004440
48004520
48004560
48004600
48004640
48004680
48004720
48004840
48004880
48004920
48004960
48005040
48005080
48005120
48005160
48005200
48005240
48005280
48005320
48005360
48005400
48005440
48005480
48005520
48005560
48005600
48005680
48005720
48005760
48005800
48005840
48005880
48005920
48005960
48006040
48006080
48006120
48006240
48006280
48006400
48006480
48006560
48006600
48006640
48006680
48006720
48006800
48006840
48006880
48006920
48006960
48007000
48007080
48007160
48007200
48007280
48007320
48007360
48007400
48007480
48007560
48007600
48007680
48007720
48007760
48007800
48007840
48007880
48007920
48007960
48008000
48008120
48008160
48008200
48008240
48008280
48008320
48008360
48008400
48008440
48008480
48008520
48008560
48008600
48008640
48008680
48008720
48008800
48008840
48008880
48008920
48008960
48009080
48009120
48009160
48009200
48009240
48009280
48009320
48009360
48009400
48009480
48009560
48009600
48009720
48009760
48009840
48009880
48010000
48010040
48010120
48010280
48010320
48010360
48010400
48010480
48010520
48010560
48010640
48010680
48010760
48010800
48010960
48011040
48011080
48011120
48011160
48011200
48011240
48011280
48011320
48011360
48011400
48011440
49000000
49000040
49000280
49000320
49000360
49000400
49000440
49000480
49000520
49000560
49000640
49000680
49000720
49000760
49000840
49000880
49000920
49000960
49001000
49001040
49001080
49001120
49001160
49001200
49001240
49001280
49001320
49001360
49001400
49001440
49001520
49001560
49001640
49001680
49001760
49001800
49001840
49001880
49001960
49002040
49002080
49002120
49002160
49002200
49002240
49002280
49002320
49002480
49002560
49002680
49002720
49002760
49002800
49002840
49002920
49003080
49003120
49003160
49003200
49003240
49003320
49003400
49003440
49003480
49003520
49003560
49003600
49003640
49003680
49003760
49003800
49003840
49003880
49003920
49003960
49004000
49004040
49004080
49004120
49004160
49004240
49004280
49004320
49004360
49004400
49004440
49004480
49004520
49004560
49004600
49004640
49004680
49004760
49004800
49004840
49004880
49004920
49004960
49005040
49005080
49005120
49005160
49005200
49005240
49005280
49005320
49005440
49005520
49005640
49005720
49005760
49005840
49005880
49005920
49005960
49006000
49006040
49006080
49006120
49006160
49006200
49006280
49006320
49006360
49006400
49006440
49006480
49006520
49006560
49006600
49006640
49006680
49006720
49006760
49006800
49006840
49006880
49006920
49006960
49007000
49007040
49007080
49007120
49007200
49007240
49007320
49007400
49007440
49007520
49007560
49007600
49007640
49007680
49007720
49007800
49007880
49007920
49007960
49008000
49008040
49008080
49008120
49008160
49008200
49008240
49008280
49008320
49008400
49008440
49008520
49008600
49008640
49008680
49008720
49008800
49008840
49008920
49009000
49009040
49009080
49009200
49009240
49009320
49009360
49009440
49009480
49009520
49009600
49009640
49009680
49009720
49009760
49009800
49009840
49009880
49009960
49010000
49010040
49010080
49010120
49010160
49010240
49010320
49010360
49010440
49010480
49010560
49010640
49010680
49010720
49010760
49010800
49010840
49010880
49010920
49010960
49011000
49011040
49011080
49011120
49011160
49011280
49011320
49011360
49011400
49011440
49011480
49011520
49011560
49011640
49011760
49011800
49011920
49011960
49012000
49012160
49012200
49012240
49012280
49012360
49012440
49012480
49012520
49012560
49012640
49012680
50000000
50000040
50000160
50000200
50000280
50000320
50000360
50000440
50000480
50000520
50000600
50000640
50000680
50000800
50000840
50000880
50000920
50000960
50001000
51000000
51000040
51000120
51000160
51000200
51000240
51000280
51000320
51000360
51000400
51000440
51000480
51000520
51000560
51000600
51000640
51000680
51000720
51000760
51000800
51000880
51000960
51001000
51001040
52000000
52000040
52000080
52000120
52000160
52000200
52000240
52000280
52000360
52000400
52000440
52000480
52000520
52000560
52000600
52000680
52000720
52000760
52000800
52000840
52000880
52000920
52001000
52001040
53000000
53000080
53000120
53000160
53000200
53000240
53000320
53000360
53000400
53000480
53000520
53000560
53000600
53000640
53000680
53000720
53000760
53000800
53000840
53000880
53000920
53000960
53001000
53001040
53001080
53001120
53001160
53001200
53001240
53001280
53001320
53001360
53001400
53001440
53001520
53001560
53001600
53001640
53001680
53001720
53001760
53001800
53001840
53001880
53001920
53001960
53002040
53002080
53002120
53002160
53002240
53002320
53002360
53002400
53002520
53002560
53002600
53002640
53002720
53002760
53002800
53002840
53002880
53002920
53003000
53003040
53003080
53003200
53003280
53003320
53003360
53003400
53003440
53003560
53003600
53003680
53003720
53003760
53003800
53003880
53003960
53004000
53004080
53004120
53004160
53004200
53004240
53004280
53004320
53004360
53004400
53004440
53004520
53004560
53004600
53004640
53004680
53004720
53004760
53004800
53004840
53004880
53004920
53004960
53005000
53005040
53005080
53005120
53005160
53005200
53005240
53005280
53005320
53005360
53005400
53005440
53005520
53005560
53005600
53005640
53005680
53005720
53005760
53005800
53005840
53005880
53005920
53005960
53006000
53006040
53006120
53006160
53006240
53006280
53006320
53006360
53006400
53006440
53006480
53006520
53006560
53006600
53006680
53006720
53006760
53006800
53006840
53006880
53006920
53007000
53007080
53007160
53007200
53007240
53007320
53007400
53007440
53007480
53007520
53007600
53007640
53007680
53007720
53007800
53007840
53007880
53007920
53007960
53008000
53008080
53008120
53008160
53008200
53008240
53008280
53008320
53008360
53008400
53008440
53008480
53008560
53008600
53008640
53008680
53008720
53008800
53008840
53008880
53008920
53008960
53009000
53009080
53009120
53009160
53009200
53009240
53009320
53009360
53009440
53009480
53009520
53009560
53009600
53009640
53009680
53009760
53009800
53009840
53009920
53009960
53010040
53010080
53010120
53010200
53010240
53010360
53010400
53010440
53010480
53010520
53010560
53010600
53010640
53010680
53010760
53010800
53010840
53011000
53011040
53011080
53011120
53011160
53011200
53011240
53011280
53011320
53011360
53011400
53011440
53011480
53011560
53011600
53011640
53011680
53011720
53011760
53011800
53011840
53011880
53011920
53011960
53012000
54000000
54000040
54000080
54000120
54000160
54000200
54000240
54000320
54000360
54000400
54000440
54000520
54000560
54000600
54000640
54000680
54000840
54000880
54000920
54000960
54001000
54001080
54001200
54001240
54001280
54001360
54001400
54001440
54001480
54001560
54001600
54001640
54001720
54001760
54002040
54002120
54002160
54002200
54002240
54002280
54002320
54002360
54002400
54002440
54002480
54002520
54002560
54002600
54002640
54002680
54002720
54002760
54002800
54002880
54002960
54003000
54003040
54003080
54003120
54003160
54003200
54003240
54003320
54003360
54003440
54003480
54003520
54003560
54003600
54003680
54003720
54003760
54003800
54003840
54003880
54003920
54003960
54004000
54004040
54004080
54004120
54004160
54004200
54004240
54004280
54004320
54004360
54004440
54004480
54004560
54004600
54004640
54004680
54004720
54004760
54004800
54004840
54004880
54004920
54004960
54005000
54005080
54005120
54005160
54005200
54005240
54005280
54005320
54005360
54005440
54005480
54005560
54005600
54005640
54005720
54005800
54005840
54005880
54005960
54006000
54006040
54006080
54006120
54006160
54006200
54006240
54006400
54006440
54006480
54006520
54006560
54006600
54006640
54006680
54006720
54006760
54006800
54006840
54006920
54006960
54007000
54007040
54007080
54007120
54007160
54007360
54007440
54007480
54007520
54007560
54007640
54007720
54007760
54007800
54007840
54007880
54007960
54008040
54008080
54008120
54008160
54008240
54008320
54008400
54008440
54008520
54008600
54008640
54008680
54008720
54008760
54008800
54008840
54008880
54008920
54008960
54009000
54009040
54009080
54009120
54009160
54009200
54009240
54009280
54009320
54009360
54009480
54009520
54009560
54009640
54009680
54009720
54009760
54009800
54009840
54009880
54009920
54010000
54010040
54010080
54010120
54010240
54010320
54010360
54010400
54010480
54010520
54010560
54010640
54010680
54010720
54010800
54010880
54010920
54011000
54011040
54011080
54011120
54011160
54011200
54011240
54011280
54011360
54011400
54011440
54011480
54011520
54011560
54011680
54011720
54011760
54011800
54011880
54011960
54012000
55000040
55000160
55000200
55000280
55000360
55000400
55000440
55000480
55000520
55000560
55000600
55000640
55000680
55000720
55000760
55000800
55000840
55000880
55000920
55001000
55001040
55001080
55001120
55001160
55001200
55001240
55001280
55001320
55001360
55001440
55001480
55001520
55001560
55001600
55001640
55001680
55001720
55001880
55001920
55001960
55002000
55002040
55002080
55002160
55002200
55002240
55002280
55002320
55002360
55002440
55002480
55002520
55002560
55002600
55002680
55002720
55002760
55002840
55002880
55002960
55003000
55003040
55003080
55003120
55003160
55003200
55003360
55003400
55003440
55003520
55003560
55003600
55003640
55003680
55003720
55003760
55003800
55003840
55003920
55003960
55004000
55004040
55004080
55004200
55004240
55004280
55004320
55004360
55004400
55004440
55004480
55004520
55004560
55004600
55004640
55004680
55004720
55004760
55004800
55004880
55004920
55004960
55005000
55005040
55005120
55005160
55005200
55005240
55005280
55005360
55005400
55005480
55005520
55005560
55005600
55005640
55005760
55005800
55005840
55005880
55005920
55006000
55006040
55006080
55006200
55006240
55006320
55006360
55006400
55006440
55006480
55006520
55006560
55006600
55006640
55006680
55006760
55006800
55006840
55006920
55006960
55007080
55007120
55007160
55007200
55007240
55007280
55007320
55007360
55007400
55007480
55007520
55007560
55007600
55007640
55007680
55007720
55007760
55007800
55007840
55007920
55007960
55008040
55008120
55008160
55008200
55008240
55008280
55008320
55008360
55008400
55008440
55008480
55008520
55008560
55008600
55008640
55008680
55008720
55008760
55008800
55008840
55009000
55009040
55009080
55009120
55009160
55009240
55009280
55009320
55009360
55009400
55009440
55009480
55009560
55009600
55009640
55009720
55009760
55009840
55009920
55010000
55010040
55010080
55010120
55010200
55010240
55010280
55010360
55010480
55010520
55010560
55010600
55010640
55010680
55010800
55010840
55010880
55010960
55011000
55011080
55011120
55011160
55011200
55011240
55011280
55011320
55011360
55011400
55011440
55011480
55011560
55011600
55011640
55011680
55011720
55011760
55011800
55011840
55011880
55011920
55011960
56000040
56000080
56000120
56000160
56000240
56000280
56000360
56000400
56000440
56000480
56000520
56000560
56000600
56000640
56000680
56000720
56000760
56000800
56000880
56000920
56001000
56001040
56001120
56001160
56001200
56001280
56001320
56001360
56001400
56001520
56001560
56001600
56001680
56001720
56001760
56001840
56001880
56001920
56001960
56002000
56002040
56002080
56002120
56002160
56002200
56002280
56002320
56002360
56002400
56002440
56002480
56002560
56002600
56002640
56002680
56002760
56002800
56002840
56002880
56002920
56003000
56003040
56003080
56003120
56003160
56003240
56003280
56003360
56003400
56003440
56003520
56003560
56003640
56003680
56003720
56003760
56003800
56003840
56003880
56003960
56004040
56004080
56004120
56004160
56004200
56004240
56004280
56004320
56004360
56004440
56004520
56004560
56004600
56004680
56004800
56004840
56004880
56004920
56004960
56005000
56005040
56005080
56005120
56005160
56005240
56005280
56005320
56005360
56005440
56005520
56005560
56005640
56005680
56005720
56005760
56005840
56005880
56005920
56005960
56006040
56006080
56006120
56006160
56006200
56006240
56006280
56006320
56006360
56006400
56006440
56006480
56006520
56006560
56006600
56006640
56006680
56006720
56006760
56006800
56006840
56006880
56006920
56006960
56007000
56007040
56007080
56007200
56007240
56007320
56007360
56007400
56007440
56007480
56007520
56007560
56007600
56007640
56007680
56007760
56007800
56007880
56007920
56007960
56008000
56008040
56008080
56008120
56008160
56008200
56008240
56008280
56008320
56008360
56008400
56008440
56008480
56008520
56008560
56008600
56008640
56008680
56008720
56008760
56008800
56008840
56008880
56008920
56008960
56009000
56009040
56009120
56009160
56009240
56009280
56009320
56009360
56009400
56009480
56009520
56009560
56009600
56009640
56009720
56009760
56009800
56009880
56009920
56009960
56010000
56010040
56010080
56010120
56010160
56010240
56010280
56010320
56010360
56010400
56010440
56010520
56010560
56010600
56010640
56010680
56010720
56010800
56010880
56010920
56010960
56011000
56011040
56011080
56011120
56011160
56011240
56011280
56011360
56011400
57000000
57000040
57000080
57000120
57000160
57000200
57000280
57000320
57000360
57000400
57000440
57000480
58000040
58000080
58000120
58000200
58000240
58000280
58000400
58000440
58000480
59000000
59000040
59000080
59000120
59000160
59000200
59000280
59000320
59000360
59000400
59000440
59000480
60000000
60000040
60000080
60000120
60000200
60000240
60000280
60000320
60000360
60000400
60000440