7010600
1000760
3008120
7000920
5004160
3002120
1009040
2009520
1007240
3012040
7007160
2010200
6007440
4000480
1004120
2014520
1004040
1002160
3003440
3011800
6012040
2007160
5010480
7005360
5008880
6000880
3003520
7002080
7001120
7002760
7012840
3004880
3001400
6003880
5006240
2006880
6008920
4013000
5009600
3001800
5001840
4001640
1011160
3000320
6011880
5008160
2013920
2003920
3003280
1000240
2009160
1010680
3007320
1010480
4000080
4000200
5000400
2013160
4009960
7008960
5010640
2004480
1000080
3003560
3013360
2006320
3007520
2014240
1010600
5002440
1003480
6002000
7005600
1003120
4002480
6012120
4008200
1012960
4014160
2011800
3010920
1006560
5004640
4002960
4008320
3003080
5003360
2002440
3005760
2008920
7002040
1004720
6005560
5008080
6005160
1005040
1009600
4013800
2005160
3002960
7001520
2006000
1011880
7007000
3004680
2003320
5008440
1004600
2001200
5001280
3006800
6011720
4010280
2000160
3001880
2012880
1001600
5009080
7006040
6005120
1009440
2014200
6004040
7003680
6008960
5006440
2012080
1002800
7004320
7006160
4000520
1011680
5002480
4004840
6011840
3000960
4002160
3007240
1012200
7001320
6003120
2008360
1013040
5007520
1011360
7009080
3006600
3012800
7014440
7002400
3002400
2005360
6003200
1003360
1006840
2002880
2008080
5003000
3009360
7009200
7008400
4002640
7004880
5009160
2012840
4001200
2000520
2002760
5008960
5004000
4005320
6008600
5014360
4013160
5003080
2008560
2014440
2002360
1007280
4013920
3013520
7010400
7007280
4012920
7002320
6009120
2010000
6001680
1007160
6013120
1004640
6012000
7008080
6008040
2003440
2008520
4008000
7010720
2009640
6005880
4006880
7002480
3004000
1006760
6006040
4012760
1012840
7006600
7010280
1012560
7013960
6011760
3006160
2013680
3012280
2007320
6007840
1000440
4004040
7012440
6005000
2003960
3004480
4004240
4000960
3001640
3014400
5009680
6003520
7000280
7004640
7008120
5013160
3006880
2009960
6002120
4001000
2009760
1006320
6004080
1005920
3009760
3008960
7009320
3009400
7014240
4010320
1007800
4000880
7007520
7003960
4007280
3001960
1008400
5008200
6012800
5003480
2000680
6006800
3009120
1007640
6002320
5009440
5008720
5001760
5000160
2003760
7008000
4008360
3003680
1002880
6006720
4008560
5003880
5000760
5002600
3004960
7004760
3006720
3009680
2002640
4001360
7013120
2002000
6006840
6013440
3010360
6003040
2013600
2013200
3005000
4009920
3002080
5002200
2005440
1005560
1005120
4007520
5011200
7013280
1010000
6013560
5004920
2007360
5005480
5004400
2014360
7003440
7008920
2010680
1003760
5004440
5000280
3013400
5009720
1011320
1001120
2011320
6008240
4005720
3014440
7009120
4014320
3010080
5010120
1002680
3010800
4010840
2011840
1001560
7003040
3008880
3009600
4009560
4004880
2000640
2005800
5003240
7010480
6006760
2010880
2001480
3007080
3007400
2010040
6004920
7004720
4004720
1007480
3005600
1009840
4014520
1001040
4001680
2013960
7012240
7011200
3002360
7007200
1009720
4009080
4004480
4011400
3009840
1002120
2012800
2007440
4001960
5010920
2013400
4001400
2001760
3012440
2006440
1008000
1003440
3005440
6012360
6010080
6006680
5011680
7014200
5005120
2007600
4001240
5008400
6002680
2006480
5005000
7008200
3002160
2011000
3013200
6000320
6003000
3006840
5013120
5010600
2000600
5012320
3006080
6001360
2007560
1012160
3004280
3009640
6003400
1005000
3007200
4008800
7011000
7007240
2004800
5010360
1012480
5004480
1008080
5011000
1006040
5013520
6007320
2013800
4003920
7012800
2001360
6013880
3008360
2013560
6007000
5003160
1003160
4008760
6009200
4000320
7005440
3010840
5010440
2001400
4002440
7007440
7013480
4002840
5001480
2012160
3003880
2001800
1001320
4013280
3007880
6004000
6008800
2009320
5014480
7005480
5010840
3014000
1005720
3004560
7008560
1006000
6001080
1003560
6009520
4006160
4013200
5005040
3013920
1004560
2008680
5006560
1002560
6006280
3013760
3009800
4009320
4014000
5012960
1006200
5011440
7012080
3013000
6013920
4002320
6001800
3012600
5003560
6012320
2010920
6013320
2003520
6014480
3009160
3005200
4009840
4006600
4009760
3003160
1006400
4010640
7010040
5013040
2013240
7014120
5002320
2012680
2001640
6010320
2001440
1000480
6005760
4011640
2006760
6012960
4012320
5000320
6009760
4001320
6004560
5004360
5008600
3008200
5013640
6002840
3005880
1002920
7000720
6001600
6010200
7003480
5008520
6003720
6000480
4008120
1013120
7010200
6009400
4012960
6005480
5007400
1010240
5014160
7002960
2007240
1010760
6005080
3003720
7007640
5010280
5000600
5004880
6009480
3008280
6014280
6010120
1008960
3000680
6005520
4005560
4004280
7012880
3014040
6002080
6004360
3010280
5011720
1009960
6006240
6012760
5009640
4009200
5012120
4006320
4001280
2011280
1004960
3004400
6007360
7000160
7005680
2007280
6012920
5003200
2004400
7006360
4014200
7005800
7002560
5000440
4013080
2002280
6002400
6005600
7001400
2014120
7001000
5000680
7012040
7005280
5006280
1009240
5004040
5012680
1000720
6011600
2012480
3009320
1011120
7001840
3014360
4010080
7010840
7013200
5013280
6001840
7001960
4004920
4005360
7000560
1008680
6014360
4006640
4008720
2006560
1009800
7003000
1005800
5003320
3009720
4000040
4004120
2007400
6006000
5004120
3013800
3011680
1004800
5007920
6011920
6011200
4012080
6013840
6003640
2005960
3004120
6008640
3011560
2001240
6008280
2014280
5001640
5007200
4006120
6010440
3010040
3006200
4009400
2005400
4001760
1013200
3006920
2002400
7006720
5010160
2012640
6004280
5010680
7010680
3012200
2008200
3007000
5011520
7004480
4007480
2006640
6009920
1000960
7004200
5006920
4008840
7004680
4003440
6005920
4004000
7002160
6012240
6008840
3014160
5012880
7007360
7002920
3009440
5001120
6000840
1008360
4009640
7001160
6000640
7009000
1009160
2000320
4007000
5009000
1008560
2005280
7008040
6002200
7000480
4004600
3003200
5002920
6010360
3011400
2003800
5001000
4010560
2001040
6012560
3004720
5007080
5000880
6013360
5009120
4003880
3007160
1001000
6008000
6005840
7012600
4007040
7013320
1010360
2005000
3007800
6009720
7013600
5003120
2011480
2013880
2003240
6012480
1002720
5011600
4011560
4007240
2004560
2002480
5005840
2009480
4005440
7009560
4011320
1007560
3011280
5007800
2003040
3013080
4007800
6014040
5010200
4002240
6007280
3003640
2009920
1012280
5009520
3006360
4009520
2004640
5014040
1006360
1007440
1006240
2005680
3008040
6011080
6001200
2008720
1002320
1012360
7005320
5002520
6013280
6002960
4009720
3001680
5009880
7011640
6000720
6002040
7006760
3005400
5000040
1011840
4014040
4004680
4002120
1012720
4006680
5003720
6007120
4014480
6004680
4006760
3001560
3002440
6007960
5001720
4010160
4006960
4007120
5006680
6000440
7006400
6010800
5000520
5004760
3007640
3002840
2011440
2009040
5001800
4009800
3014520
6004800
7001080
4001800
4007880
6009680
3004360
6008880
2006800
7008360
4005400
4005760
4008920
5006480
6002800
5009360
3008160
2008280
3002040
7003720
7002520
6004640
5014120
2011920
5003800
6010680
6000080
2011640
4008680
7013040
2008120
2006360
7003200
6009320
3004800
6007880
5012840
3001080
7009960
4006240
1001680
4003360
7011760
3010480
1013080
3009880
7000200
6000680
6008560
4002040
7005640
2000440
5009280
1010400
1005160
6013160
6003360
5005280
3011320
3009040
3006000
1010080
1007360
3001600
2003400
5012160
5003440
5001920
4000680
6012400
2004000
1002440
7010080
3000480
7011440
7012400
5003920
3004080
2002680
4007920
6014440
4004520
7004840
3003360
2002920
1002480
2009360
2009080
2009000
4007680
7012560
3010400
2000760
6010240
3008000
3012240
4014280
2006240
6003840
2012200
2004440
7002720
4010880
1001400
4013520
4003200
6005280
2002520
6003800
4004360
3007760
6010480
3006040
3009560
4007560
3010120
7013160
7011040
6009240
2002600
5014440
7000360
7005960
5002360
2005200
4008600
2001840
6000600
3006560
3012520
2005600
2010840
5005520
1005680
4002360
5008000
4007600
6000960
1013160
6014520
3002680
4003160
3012560
2005760
6001560
2004240
6008760
1005480
2004600
7000120
5012720
5002720
7011080
6007520
1011640
7008880
6014160
7006520
2004200
2007920
2004120
4000000
1012760
3004160
4011880
4011200
2001600
7003400
2004520
4012480
6008680
7006840
7006240
4004960
1004160
6012680
2001120
5000640
1006160
5012800
7011360
7007840
3002520
4004400
3014320
7005760
3005640
1005240
4012720
2000240
3004520
7009400
4003000
3008720
4007840
6000920
5010400
7010240
5005960
3004240
4003840
4010360
2013760
5008840
3006960
1008160
4012680
5001440
4006360
2008480
3003120
6005960
2012600
1006800
5000000
6010960
3001200
3009280
1006120
4010200
3014480
1007840
4006520
3002320
5004320
5012200
7007720
7007960
3012480
5001880
1008840
7003160
5001600
7014040
5005600
1009080
1000120
6005680
6003760
4003800
4000360
4009600
6011480
1010040
3005160
3005320
5003960
4011080
1001640
5000120
7004960
3010440
3011120
4013480
4007200
5013200
3001440
3012120
6001880
4014240
2011560
6004760
7006480
1002360
2013480
2004160
4000240
7009520
7008640
6012640
2012280
5002080
3003760
6001280
2009240
5012360
1008800
1003240
5008680
3014120
5008240
4003760
6011040
5008800
2003840
6000520
1002960
5001040
1008600
7010000
4008880
5008560
4009280
3008840
6008520
5002640
2010440
1012000
2006920
2006040
1002240
5013080
3002640
5002120
6010760
3013960
7000840
3000040
5012040
1002520
5002680
4011280
6009560
3004440
6011400
1005400
4011600
4011160
4013640
5014200
3010520
3011200
7014080
2011120
3003840
7009680
4013320
3002480
3009480
4001600
7010640
6006200
6002560
4000440
3001840
3000280
6011960
2004040
1000800
1010800
6013520
3003600
7010360
2003600
4009120
1009480
3013240
1012680
1006680
7001560
5006520
4011720
5007840
3014240
4010680
1000880
3013680
4007960
7009720
2005640
4007320
6002640
6010160
7010760
2001000
2010400
6008400
3005280
4003040
4002920
2000800
5003040
2014080
4012000
1004520
4003400
1006720
2006080
5011240
5007320
4014120
3013440
2001680
5011080
6011120
1003080
2004920
2001320
5001200
2011080
6013640
6003960
7014480
3008600
6010840
4002200
3000120
7004040
4003960
4004200
1011520
3003480
3013280
1001440
1006960
2013840
7004240
3007040
2013440
1009520
2003640
5011560
7009760
5000240
7003640
3010960
5010240
2007520
2011040
7014160
1004320
7002880
5013720
2000880
3005360
6010600
6002760
6006600
5006200
4004760
3005800
5008640
2012560
1011920
4005120
7007920
5008480
6001640
6006400
2012760
6010000
2009280
6011360
6012440
3004760
2010800
5009240
2007760
7011600
1009360
1003040
1000040
3012400
2013520
5014320
6006480
7005040
4001040
4010480
2007080
4010400
1008320
1008760
2010960
1000560
1012080
2000560
4007400
7006880
2002200
3011360
1011720
1005960
5006000
4000120
2008040
7013800
3004840
2012120
5013680
1010880
4014400
4003240
7009240
1007960
5011320
3001160
5004960
7004800
6004160
1006640
2007040
5009560
6007920
5010800
3000720
1004000
7009600
7002840
1000600
3013600
1011600
2003480
1006080
1000280
7005920
2010080
2012000
2013080
7011120
7000000
6013680
4003520
7006640
7008240
4001880
5012560
4003640
1000200
2003280
3012640
6002720
1001720
5007600
7000760
6013760
6006080
2001160
5004800
3009080
5010880
5013760
2003080
7012000
7005720
5002280
4013040
6007080
1012120
4011240
2003680
1007720
7009040
4013360
3005120
5003280
2000840
3012360
5003400
6013480
5005640
3003920
4000280
5006120
5006160
1007880
6002920
7011720
3006440
4013960
6005400
5005720
2002120
7010120
7001200
1000320
7002680
5010560
3013040
1007600
5002960
2004720
5014400
4004160
6003920
2012920
3007360
5006760
7011560
6004200
4006480
1009760
4005920
6004440
1006520
1008280
1008720
5010760
4003320
7014000
1005600
2000400
3006520
3003000
3012000
6008080
1006280
1003640
2000960
3008640
2002080
3013480
3005840
1012600
2012520
3002200
6007600
2005080
6009800
5006040
5009200
2011160
2001880
2006600
3010560
4004800
3008760
6005040
7002280
6009960
1004840
7009280
7000040
5005360
6003160
3002240
4011760
2010760
6007160
2008880
1013320
5014000
4006840
3013560
1013280
2013040
4000600
2007800
2008640
3008560
1011200
2003000
3000520
5005400
7011840
4011520
2005560
4000760
7011680
5014240
2005240
3005720
1004880
1008200
7009160
4000400
7005880
5000360
5013320
4009440
5012280
7004000
1007320
5007960
1011080
2005720
7004080
4006440
1010720
1008880
1004920
7013360
1010280
7006200
5011400
1002400
7008160
1002600
7000600
7003280
4011480
1010560
1012880
6007200
3001040
2002720
4007640
1000520
2002960
4012360
7003880
2011520
3002720
7004520
1000680
4010040
5013800
5001360
5007120
2002240
2009600
1005880
2007000
2014160
1002080
7003760
3008240
2011760
6003240
7009360
7003840
2006720
6001240
7003800
3011960
1001800
2014480
4010520
1009280
2003200
4008520
6004320
6003680
2011960
7009920
1007760
5013400
1009920
4008280
5001560
4011040
7014320
6005360
6000200
4000640
1008240
5006720
1000840
6003280
4000720
3010760
7009640
4000920
5006600
4009240
4005160
7011960
4005680
6010560
4012200
6000400
6007760
3011600
6006360
3012720
6011000
5001960
5005080
3012960
4009680
7003560
3012680
4000840
2011720
1009640
7011400
7005400
6008360
4010600
6006560
5003680
5011040
3000160
3010880
2001560
4002880
5004720
5004680
6006640
4005840
2010560
2002560
1012320
6005640
1001960
5011760
5001160
7001800
4014440
7008680
7001480
2013640
1009680
1007080
5003520
6013040
1012920
2008320
7012160
1012800
6004520
7006120
3003400
1012520
1005440
1000160
4005080
3011160
3010720
3002760
5004840
6008480
1001360
4001520
2006280
6006320
4003480
1007920
5008120
5001680
6012880
6004720
3011000
2005040
6005320
1005360
2004760
6010920
4012240
3008400
5005920
4002680
7003520
3010320
2005840
5013600
3000360
5006800
1002760
2007840
7014400
7003120
6008320
7006000
4002600
5007480
3001360
7010880
5001080
4002280
4014360
2001520
4001440
5009040
7007560
4003600
7000880
1012400
7004400
4007080
4004640
6013080
5006080
6012160
2007480
5010000
6012840
6006880
5007160
4004560
1005840
2006840
3007680
6003440
3008920
3000440
4007720
5006840
3011720
1005640
6005240
3007840
3002280
1004080
5009760
1001280
4007360
7004120
1010440
5013480
2005320
5012640
6000120
4002080
4010000
2014040
7001680
3007120
1009560
1010200
7005520
1010160
1002200
3008080
3000840
5007560
6010880
6006520
1007200
1004480
7012640
2004960
6010040
4002400
6000800
1001480
1000400
5000560
6007040
4013840
5012400
7004920
2009560
2013720
1007400
1003840
3001320
4005280
2013360
6000760
1003880
7010960
2005120
6008440
1001520
5013920
4008640
4013880
6001760
6014240
9006400
9005360
9007240
10009240
11003320
9006800
11001000
8006960
11011200
9006360
10004360
9001160
9001600
8005680
10004760
8005000
10009840
8005040
10002200
9007000
10003680
8006760
11004000
11002760
8011240
10010680
8011760
10006120
8008200
11006200
8009320
10010520
10004120
10009920
8002120
11002880
11008400
8003640
8000480
8008320
10006160
9004920
10008720
8004920
11001920
10006880
8004560
8007240
11010880
11004680
8005320
8006480
9004040
11007880
11007400
10007720
11004120
8003680
8007840
11006280
9007160
8004000
10002360
10009560
8008760
10008760
11006560
8005400
11011520
9008720
11009840
10000600
9001640
9005840
9011080
10004320
8003960
9002960
10007400
10008160
9002360
10010440
9009760
11007680
10008200
8005560
11002560
9007840
9003640
9011560
8010440
10010480
9009400
8010760
11004600
11000440
10000520
11007640
8005440
10006960
8001160
9000640
8000560
8007560
8005280
10004160
11004720
8010320
11008320
9010560
10007760
8001720
9007600
11011720
11000400
11005360
11005280
8011800
10006000
10006280
8007360
10008880
8001480
11009520
8008920
10002480
11011120
8002520
11007040
10009960
10009440
9005440
9010240
8009360
8002280
11009680
8009720
11005520
10006720
10006920
11004400
11002040
11011840
11010120
10011760
11002440
8006440
11004520
8001520
11009600
9002760
9002040
9001080
10004240
11010480
11007560
9011800
8002920
10008520
10009160
8000240
9010120
9011640
9001040
11001880
8003400
8003120
8011160
10004880
9002920
11000600
10008560
10005480
8003600
8001760
9002440
9010320
11008480
9003400
10000440
11003240
11002120
10004440
8005880
8011680
8008800
8001640
9005120
8011320
10004680
9008560
10009520
10004200
10006520
9008160
10006200
9011240
8004400
8001440
9002000
11008120
9011280
10000040
10000320
8009600
9004640
8002440
9003440
8005720
9011440
9006560
8008680
9000920
10008680
9010800
9003200
10002520
9006320
10002240
10003800
10004080
11005760
11003040
10007920
8011480
10002960
9008000
9002240
8008120
9003560
8008000
8004720
10007880
8004320
10006840
11003800
11008240
11009720
11002960
8011040
10005640
9007520
10001600
10007840
11003120
10001360
8006840
9002880
11002200
10001720
11005000
11011240
8004360
9009080
10001560
9010360
10005240
11004040
8007480
9010440
8000920
10009120
8011560
8005760
10006760
9006200
9000400
8001800
8011520
8009240
11004160
10001880
10008920
10003600
8001200
11009880
11009480
8008240
9010520
9000440
9009960
11001720
11001360
9009040
9002520
10010960
9004240
11008520
9001440
9005920
11011360
8000440
10009080
10007200
9004320
11006000
10003560
11000880
9011400
10004560
11006640
11004640
10009880
10011520
8008440
11000760
10009680
8008640
9011480
11008160
9009680
10008000
11000040
9011000
9004160
8009000
10008640
11004080
9007760
10002000
10000920
9006120
9000840
11008040
10003760
10000240
8006320
10005520
8002080
11011480
9009840
8010920
10003520
8008080
11001840
10005080
11011680
10005360
8000840
10011960
9000600
9011200
10007560
11005640
10001120
11006720
8009160
11010520
10000160
8008960
11006760
9011320
11011880
8007640
8003360
11007800
10005840
10007120
11004480
9003520
9004800
9008320
8000640
9006240
11006360
8006600
8004480
9011160
9006440
11001640
10000120
10007800
9007640
10007040
11009200
8009800
11004360
11003480
8007280
11005840
11008560
8006280
11003640
8006240
10005320
11002720
8011200
11001400
10007600
8011440
11011440
10011880
8000800
9004680
8008480
8005360
8002040
11002840
11007200
9004880
11005400
8004800
10008360
9009280
8010600
10011000
8005480
8002720
9010200
9000680
11007080
8007440
9002200
8007040
9005560
8001080
11001240
11008000
10011840
10005920
10009640
8002600
10006560
9003320
9010400
8009640
9003360
9010680
10007520
11008080
11007240
11010680
9004560
8010560
9008200
11001320
9011920
11009760
9004720
9007720
11008600
11002480
10004000
10006240
11008680
10010240
11003880
8007080
10001400
9009640
9002680
9002840
9009440
8011080
8007160
10002720
9001920
11005680
9001200
9010480
10004480
9000320
8004880
11000480
9007120
8008600
9010720
9009600
11009560
8005800
8006720
10005000
9001360
10001240
8003440
9006840
8006360
10010160
8006680
8008520
8002960
8010880
8000160
9003000
9008520
11002280
11003760
8007960
10005960
11003840
10004840
10000840
9000880
8001880
9004520
11004800
8011000
10003400
11001520
9008920
10003080
9004480
11006800
11000960
10006360
11007320
9006960
8007520
8002200
8004080
10003240
8007800
10003960
11011400
10001080
11002640
9005280
10001440
8000680
10010600
10002760
10008240
11002520
11009280
8007760
9009160
10000280
8006400
8011920
11011080
11006320
8007000
10001960
10008040
9008760
8008840
10011480
9009120
11002800
10001040
9009880
10011280
8010120
10011440
10007080
11000080
8010280
11009960
10000800
10002120
11010040
10005400
9001240
8008720
10003040
10007640
10001840
10006480
9011680
8007880
11008920
9005880
11002400
10011800
11002320
11000320
10005160
9005040
9000160
10010800
11010160
9008880
8002320
11002360
11002160
10006440
11001040
9010960
11007840
8005840
10007360
8009280
10003440
9008960
11004200
10003880
10009480
9005080
11011800
10005720
11004960
9009560
11001680
11008800
10005560
10008440
9007200
9006720
11001760
10002600
10003200
10008600
10010000
11010000
9008040
11000920
10000400
10004920
11005720
9001000
11000240
8001360
10010200
9006680
10010720
10011040
9004400
11000280
10011320
9003720
10000880
9001280
8006880
9005000
10001640
9000360
8011960
8009080
8006920
8006640
8009400
9003600
10002840
10010280
10002080
8003160
8002400
10011400
11006600
10010080
8003880
11007440
9000040
11011040
11003600
8002680
11001800
8000520
9003160
11010640
9001720
9011120
9011960
9011360
10002640
11008840
8001040
9007560
10011680
8010800
9011840
11000520
9002400
11007000
10007320
9003960
9007480
8007120
8006080
8005520
10007960
11005480
11005440
11011640
9010080
8004640
8002160
10006320
10009400
9011600
10011920
11009440
10008280
8000120
8009520
10004400
11005920
11006880
8002800
11000680
9004600
11005320
9004440
8008040
8002360
10009760
10002560
8008280
10002400
11010360
10008320
8006000
9000720
11009920
9004080
9002560
9008840
11005600
8005120
10010560
8002480
10009720
8010840
8003560
9000280
9006000
8003800
10001800
8002640
11001120
10001680
11009000
9003840
8000760
9006760
11007120
8001280
8009120
10011720
8002240
10000200
11007760
11000840
9003480
11008960
9003120
11006680
11010280
11009360
9006880
11010760
9008440
8002000
11003400
11000560
9005160
11001600
9011040
10000760
8010000
8011880
8002880
9005640
10005680
11003520
11000120
11007720
11010320
10005880
10001760
9001560
9006600
9007800
8000720
8009200
11004560
11009160
8000600
11011560
11011760
11009240
10009040
11003960
8002760
8003480
10008480
11006920
8006800
10003720
8007680
11006960
8004840
8007920
9005720
8003720
8005920
9001120
8001400
10000360
11010240
9008240
11005240
11000160
11003360
8004240
9005400
11005080
9005600
11005960
9009360
11002920
10008400
9003680
11007960
8003920
8010480
8008560
8004120
11011920
8004600
11009080
10002160
10000720
10009200
8003280
10007440
10000000
10003920
11008440
9011720
10004040
10009600
8011120
11002680
8000880
9007360
11010800
9000560
9010760
11001480
8004160
9007880
8001600
11003080
11005120
8001560
9010840
10006680
11003720
9010280
13004320
13011680
12002680
13013280
13000200
13013000
12012440
12000400
12006280
12002720
13011400
15003800
12003720
12005320
15002280
15004000
13004160
12005640
13012840
15012400
15005080
15001760
12004840
12000640
13006240
13002760
12010360
15000920
15008480
13003040
15010080
12002760
14000040
13013240
15010760
13008080
13002200
15012040
12001280
12010520
12002160
12008600
13009640
15004440
16000400
13004600
12004400
12002320
15009640
12005000
12008520
15004120
15005440
13002680
13000680
13000520
15007480
12005960
15002640
15008640
15005760
12007600
15007960
15002720
13001920
12009680
12005240
15011840
15009320
15007560
13012320
12001080
13012000
15009920
15009080
13008160
15003360
12000800
12010440
15009200
12008760
12009120
13007240
12007720
12009320
13001760
12001600
12009640
15009000
12008040
13005360
13001880
12002040
12010280
15008760
12002400
12009200
12000440
15008240
15000840
12009000
12011920
15000720
13000120
13010840
15001720
12006320
15003760
13012160
13004640
13011280
14000120
12012160
15004680
13004200
15004920
15011160
16000200
13007320
12003600
13007680
13003440
13010320
12005600
13009360
15008960
13001440
15006200
12004040
12001920
15000120
12010480
13011120
15004840
15010880
12000960
13002800
12010840
12000240
13006160
15011880
15009760
13012880
12012520
12001320
15005000
15003600
15009680
13003000
15011200
12010800
12009400
15008200
12003880
12005840
15002560
12008640
13013640
15011560
15006520
12007080
13002400
13000000
15002000
12012400
14000320
13006120
12006240
15007520
15001840
16000120
12012120
12007200
12007320
13003880
15009880
15002960
12006160
12010080
15004760
12007840
15000480
12012680
15011320
15006880
12009240
13008600
13010520
15001320
12010000
13011760
13006920
13009720
13013600
15007640
13009000
13005520
14000400
13008880
13009320
13008800
15011360
12012200
15006680
15009560
12009920
13002000
13013560
12001760
13007560
13005920
15000040
12012280
13007480
13000720
15008000
15002040
15010600
15001000
13008320
12007880
13012280
12004000
15012160
12006000
13001040
13003400
12000360
13008440
13004400
12005400
15001080
12005120
12002480
15011080
13007080
15004320
13004240
12001520
13006600
15003720
12003440
15006760
12003800
13011880
13009600
12006480
12010600
13003200
15004200
12006040
13009400
13012240
13007000
12006600
13013320
15004960
12006640
12007960
15003240
13007720
13013160
15005240
12007000
13000400
15002840
13004800
13000440
12003920
15000280
15009160
13009760
13012920
15009280
13010600
13010640
13011000
15012480
15002520
12009840
12011320
13006080
13012200
13004560
12006880
13009080
13003600
12002240
15011760
12010560
15005400
12008960
15007040
12000760
13002920
15007800
13006840
12007360
12009160
12010720
15012080
12004560
13008280
12000720
13009520
12001240
12009280
15008320
12001400
15002760
15006360
12004720
16000000
12008200
13010240
15003280
12008240
13001320
12004360
13009200
12007240
12002800
15000880
15008920
12004280
15012320
13012520
13010760
13007040
12004760
15011960
15009360
15008880
13006760
13010080
13013440
15007920
12012640
12008000
15007400
12008360
12009520
13003080
15000200
15007240
16000240
12011840
12012720
12001880
12009440
15010560
15001640
12008720
13005800
15006640
13008560
15004040
15003560
15007000
13009440
13011720
13004000
13008360
15008080
13007360
13002120
15005200
13009920
15001600
15002080
13004840
13005240
15002880
15003840
13000880
15001480
15009600
13010200
13013480
15010000
15003640
13011440
15004800
12005280
15011680
15001240
13002440
15006840
16000040
15007120
13004480
15007760
13007520
12006080
12007120
13005040
13000360
15000440
12005520
13012560
13012480
13007120
13013680
15003200
12010760
13010960
15009120
14000200
13001680
13007920
15012240
13002640
15002480
13003120
13008200
12005720
13006560
13012080
13000160
15011520
12000840
12007640
13010000
15006600
15005120
13010560
12008440
15006400
13005760
13002960
12006800
13012680
12001120
13013400
12001040
13010040
12012040
12000880
15002320
13002360
13010360
12001480
15011280
13003560
13005880
15009800
12011600
12011880
15000560
15008160
12012360
13007160
13008720
12003560
15006240
13010920
13001800
15012360
15004520
15011440
12003960
12008160
12012600
13013800
13008840
15007440
13008960
13008520
13007280
15009040
13007880
15005600
12005680
13011520
15007360
13001480
15005840
12001960
12001720
15000520
12004600
15010440
13011160
15000600
13009480
15009840
15005640
16000320
15004360
13011800
13005280
15001280
15003400
12007920
12011680
15012000
13002560
15008560
12003120
15012200
12009040
13003360
15005360
12007800
12000200
13011640
12006360
15011120
12010400
13001720
12010960
13008040
13006000
13012600
13005640
12002360
13004520
12004080
12009600
15007600
12010040
15005480
15004880
13002240
13003320
15005320
13005720
12003360
15008800
15000320
15009520
13012440
12002280
13002720
15009480
13000320
13011080
13006800
13005160
12008800
13012720
12005160
12011200
12000000
13002480
13002280
13004360
12005200
12012000
13008920
15010400
15001880
13005840
15001920
13006680
15012280
15007200
12012080
13000080
15010800
13001280
12007680
12012480
12008080
13003800
13008000
14000160
13004440
13006400
12011120
13007840
13012800
15010920
15003320
13005480
13007960
13008680
15004480
12011720
13010880
12012320
12012240
13014040
15007320
12004320
12000520
13004120
15010320
13009160
13003480
13013520
12003040
16000360
15012120
12009880
15000160
12000280
15009400
13007800
13011240
12010160
12000560
12008840
13008120
12011520
15001800
13002520
12010120
13004760
14000240
15004640
13003640
15007280
16000080
12005800
15002600
12011480
13007200
15006000
15002920
13012760
13000920
13010480
15006040
12009760
13011560
13006640
12005760
13011040
13012120
15001400
12009720
13012960
13004280
15000680
13003680
15008680
13005400
13004040
13009960
13004960
15005520
15011640
15011040
13002840
12011760
15006080
15002680
12011160
12011000
15006280
13009840
15010480
15003680
15002160
15007160
13002080
12005920
13008400
12010640
15002400
13010160
15008040
12003240
14000360
13004880
13007400
15010960
12002200
15008400
13005440
15003040
13013720
12011240
12002840
12007160
15001520
12001680
15011720
13012360
12002440
12008880
13001960
13000280
15010840
12004920
12007480
12003760
12002960
15004600
15010640
12010240
15005720
15008840
13001360
15011600
13001240
12003000
12004200
14000280
12001640
15005040
15000000
15004280
18008880
17005200
18008480
25000880
17004480
20007720
19005680
17006840
17008560
17007640
17008160
17007920
18001600
19001120
18007040
19006400
17006600
18002200
19007200
18006880
20003360
19002280
20000200
17008920
23000040
20006040
21001040
20008080
17000000
18003480
17008520
20005400
19005960
20001000
18005080
19004760
18008960
20006160
17001720
18001120
17002160
23000800
20004640
24000880
19008240
23001800
17007280
20001560
18000080
18003800
17005480
20007560
23000760
17008040
18004840
17007880
20002640
18004040
19006360
18009000
18008800
25001280
17007120
20007920
20000240
18002120
19006080
20003640
19005720
19001680
20000840
18006800
20003520
22001160
24000560
23000000
18001360
24001440
23001160
19004120
21000480
20006840
24001160
17003560
18003720
22001040
19004840
19000200
17003480
25000760
19008280
17008440
23000640
17001400
18002160
17007720
20000880
19003520
19007160
20004240
20006080
17003680
18003640
20007400
20002960
17004680
17003800
20004400
18004480
22001680
23002040
19008160
19000040
22002080
22000960
17008720
18000960
18000360
19006640
17004320
17000160
18003560
20007200
24000440
17007520
24000760
24001720
17006000
20000360
17004880
18000240
25000600
20007640
25000680
18002280
19000720
19005280
20005280
17004040
23001400
17004600
20001640
19000320
20008600
20005160
19001320
18002880
19003720
20004200
18007800
19000600
19002600
19000120
18008680
20008160
23001000
17003160
17002280
17003520
23001720
19006200
17001440
17000360
25001440
24000240
19008800
17002240
18006160
18007480
19003640
20005840
18000120
25000000
19000680
18002040
20002360
20002560
17004400
20005000
19002040
19001880
25001240
17002720
19001640
24000600
24002160
24000040
22001760
18005240
18008320
20000960
23000680
17005600
17003400
21001360
18007120
18006120
24000640
24001320
23000200
19008720
18002320
20004880
21000240
20003560
19003680
21000520
19000760
19001440
17002000
17008240
23000960
23002080
20000080
20004320
18008160
19007040
20004680
19000800
17005320
18004640
19003960
20000480
18000200
22001320
17007320
22002000
20002000
18005600
25001640
22001480
20005080
17000040
25002160
18000600
20001720
19006920
20009120
17003960
17005280
20004520
19002520
20001480
19002480
18008840
24001920
18003160
23001360
20000120
20003200
20000800
20008320
17000440
18008400
17008800
25001880
24001800
18008240
25001160
20004800
20003240
18003880
19006320
19000520
18005040
19002320
18002600
17006520
23001920
22001120
25000640
18004520
20003040
21000720
17006400
20006640
19001240
17000480
18006000
20007760
25000960
18001000
18000880
22000640
20009160
20002800
17007680
25000800
19007120
20005720
19003040
17005960
20008720
17000560
24001480
19007440
20000560
19002120
19005360
18001200
18003960
18006080
24000960
17002840
18007760
19007680
22000440
19003240
18001880
18008920
19006480
18000320
18005640
17005640
17002400
21001520
19004640
19006280
17005520
21000280
19004240
20005640
20001400
17008480
17003040
22000200
19006720
20002600
18002680
23001480
19004960
18004280
24000720
25001920
21001440
22000480
19005240
20009000
19006560
17008400
25000120
19001200
20001680
20008640
19005880
17007480
20000640
19004040
20006360
17008840
21001120
20008240
17003240
19007520
18004200
18000920
18005880
23000840
18008600
21002200
20006960
18006680
22001000
20002920
24001880
20005200
20005960
18004920
23000600
18001240
17007360
18007560
17005560
18001160
22001800
20007360
24000920
20002480
23000240
20001160
18005560
21001000
18007840
17007960
18008280
25002080
18008440
18002800
19007760
18004320
17000520
17001880
17008880
20000400
24001840
18006280
24001680
23000280
20005040
19002760
23001120
21001800
19006040
18003240
18003000
25000200
18003680
20003680
25000160
22000560
17006680
25000360
24001400
20007600
19008640
19001720
20007520
18003600
18001800
19005120
21001720
18002480
19001520
18001640
24000840
20002400
18007200
23000360
17004160
18004560
19005600
20002320
17004520
20007480
20004960
23001440
25001320
19007400
22000080
18007640
25000320
20006920
25001120
19002000
18004600
17001040
23001640
17003440
17003080
19006000
20008280
23001600
25000720
18004400
24000400
19005920
17007000
24000000
17002800
21000560
19000080
25001200
22000360
22000920
18006560
18004880
19004560
18005520
25001480
19007000
17006160
19003120
17005920
20002200
18001720
20007440
17008680
19003200
19003800
18007960
17001200
17004560
23001040
18007920
21000640
20003480
21000960
17005400
18006600
20000760
17007600
23000080
19002160
24002040
22001360
24001520
25001000
25000280
20001240
21001240
17001160
20002840
18000680
17003320
17000280
19004680
18007080
17001960
22000800
24001560
21002160
19003440
20002040
22001080
20008880
19003600
18003080
19004520
17007440
19002800
18004000
18002240
20006200
20002440
17008320
23001080
17002920
18002720
19005000
20000040
18002760
22001640
19003880
20005760
23001200
17008080
20005240
20000280
18002360
22001600
17002480
19006240
18008360
19002920
21001080
18006360
22000600
21000920
23002000
20008120
17003000
18003840
17003880
25001360
18002080
17001760
17000840
17005760
18004160
20002080
20003880
18001480
19008120
19002560
19008040
24000120
18007680
24001600
23001680
19003360
17001640
19002400
25001600
17001920
20008560
18005360
17002320
20007160
17001320
17000760
19007880
20008840
25000920
17000600
19000440
18001680
24001040
17005240
17002880
18005000
18005160
17004080
20007080
20004720
20007040
19000280
17007760
24002080
18000520
25001840
20005560
17005360
20007240
20003720
22000400
19000880
24000360
19000160
20001920
19007720
20007000
20003600
18007720
17002520
20002160
23001960
21001200
18004360
19001360
18003200
20001360
18006400
20008400
23000560
18008760
21000800
17004800
17006640
20006400
17008640
23001560
18008120
18008200
20002880
24001200
24000520
19007640
18008520
21002000
18005960
20005320
17006080
20004600
23000520
23000120
18006200
19008960
19002360
23001880
22001520
20006240
20001760
19008080
18001760
17005040
19008320
19008600
25001400
19004400
18004080
17000960
18007360
19007360
20000320
25000480
19005520
20004560
19003080
17004440
18003520
20002680
22000000
19001760
24001360
17003600
24000480
22001880
18005120
17005840
19001400
20005120
17006560
19007840
25000400
18001040
18002440
23001240
17000680
17002040
20009080
20003080
18001920
18000840
19003760
25000560
18005400
20003960
17002080
19001280
17001520
23000400
19004720
18008040
17001000
20001440
19002200
18007440
24002120
19005200
21001640
17001080
18000560
19001560
20008960
19000840
21001760
20005480
25002200
20008200
21001960
17003280
20006520
18006040
25000520
23000440
17002440
17000880
24001240
24001000
19005480
19005640
17000080
18004720
18003280
18006720
17005800
20001320
24000160
21000160
17005440
17002960
22001960
19006120
17008280
17000200
17002760
20005520
22000320
20001600
19000640
19001920
20004760
20001960
24000200
22000120
17007400
21000880
18000040
23001280
20006560
17004720
21000400
25001760
22000720
18005680
17005000
19004880
19007960
21000080
19006680
18003360
20003280
19001160
17001280
22000760
19002640
17007560
20001120
20004920
18006520
18003120
20006440
25001800
20004280
18006840
17000400
18007520
22001560
17005120
17006480
19004160
25000040
24000280
21001680
25002120
24001640
17003840
17008960
20007680
20002760
18001520
19001000
20006480
19002720
18001840
21000600
20004160
19005160
20008040
17000240
19005840
20002240
22000880
18005200
19001080
18004120
19003480
17006800
18006240
24001960
17001360
21000320
22001240
19007080
17003760
24000080
20002720
32006440
30001360
33009000
37000040
29009080
26000480
30005400
28007080
31004600
29007640
33004120
29009120
27011120
28002520
37006120
29006440
29000320
36007080
32009160
37007240
34003680
36002760
35003120
26003440
30003560
36006520
34012000
26006280
32003600
31004840
36001720
36009160
32007480
34006520
30000040
35003320
32003560
37000200
26003360
30008720
37007760
26004640
37002040
36002360
26008520
31008440
28001480
32009000
33002480
35007400
33001920
33011680
27004840
26008960
33006800
27011800
28006560
32002280
29002320
34004560
30007160
31009640
30002800
34000800
29004560
35005280
30004360
29004880
27010760
26005640
27009680
34010720
29006840
35000760
31005520
33000800
32004120
34004000
32004080
27000800
27001880
31001360
32006920
36001960
27004760
26006760
33001400
33010040
29007560
36004320
30002640
27005200
28009480
31009840
35001840
36009520
31005680
30004880
37006360
26002800
34011960
28004960
26002520
28007360
26005440
27001320
33009760
27010600
26003920
29007800
28000480
27004040
32000240
33004320
31002160
29008560
35003360
34010280
28008240
26000120
27010840
40000040
28005600
37009480
27010680
37008880
26007320
33002640
28005160
29005280
29009040
28006200
32009360
33009040
35003240
33000560
30001720
34007880
30003960
26006920
27013200
27007280
34006320
35003160
28001240
31006480
30003000
38000240
27000080
29006160
28007960
31003160
28000160
35007960
37009560
37000160
37005280
33011400
27008880
28003840
31002680
37000000
35008040
26000840
26009400
27009840
27008840
37009120
31009280
26008640
30006640
29001720
36007120
28002560
36005120
26003240
29004920
27011080
33009240
37002400
31002240
35002800
27011640
33009160
31002040
31002200
34010200
27005280
32006040
33005680
34006240
30004440
35006200
32004240
29003520
33006920
29008360
32001080
33000360
30006960
33000760
28005440
32000520
34005840
27012000
28008760
34006080
30001240
31007040
34009520
35004520
34010040
27000200
28006760
31008520
34009560
26005600
35001880
33007480
31000040
33010760
32008760
35003200
26002880
37006840
27002280
33000280
35000360
30000840
34009960
29000040
29009160
36008680
26010840
34009120
37008840
29003960
36001040
26009960
33012200
31008240
27005800
29007840
27013280
26004840
31002480
30005720
32003680
27002600
31000560
35003440
28008920
36004960
29002360
26001040
33002720
27012320
36002000
33009920
33006680
31006720
37004320
36003160
29004120
36009720
37005640
36001440
34003400
28002360
33011360
34002520
32007440
27011760
32002440
34003520
36003560
29009600
35007560
28002720
37006320
28003960
35007840
26002120
32009120
29003080
32003880
37006000
31008960
27002440
38000360
32007280
27006440
31007840
30005960
37002960
33008320
29002880
28002160
35006640
34005160
30004280
31003920
35006240
34005000
37004880
36003040
32002560
26010920
32004840
29007160
35001720
35005640
37006720
30000440
37005160
27010040
39000120
26000600
27000600
28006520
26000360
31000800
32009760
34009720
27012480
26003040
31005240
34011640
28003560
29006880
31001280
26006960
40000320
28005760
28005360
28006840
26009040
36006440
35001040
29007600
35006880
33011080
35001400
27008480
28004520
26007120
32004640
32004440
35005200
37007680
31000200
35007600
37007280
30009560
30008360
37000240
36007360
28004360
34005520
26009160
28009520
33002240
30008160
26001280
27004520
33010240
35001920
28001440
27008400
28007280
34004080
34001880
30008600
26011000
33005720
29001240
35000040
36007560
28008400
34008400
37009800
31008160
28008320
36003480
32006120
36003600
27009440
26005080
35004960
33007720
28000840
36000600
27007800
26004440
37001480
27011480
27006120
28001520
31008320
39000040
29006080
32005000
36003080
35005800
33001520
29009480
32002240
34008880
37003680
33002600
34011160
26011360
26000640
26010640
26008760
34001640
29000640
34006040
32000600
30008800
34005240
29005440
28004880
35000800
34002000
36008760
37008320
33007200
35006160
29001120
29001520
35000960
31001520
34007680
27011040
27012560
27001960
27004960
36006320
32002680
26009200
28008200
26010800
37003160
33001320
27004200
30002280
34003600
28004320
37006880
26008200
32009840
36008120
37006240
29005320
27006040
34008760
33011320
31009920
37009720
26001480
34008920
33005920
36002120
36003320
27006720
26000560
33001120
33010960
29009720
36009600
35004640
30009600
32007960
32007720
36008000
36003720
29002200
26006320
27005400
28001960
38000080
29000960
34009320
28008440
34010960
33002160
28002240
31007720
31002000
34002360
33011800
33011440
35004560
26007400
34004120
34006640
26010560
36005760
37009240
32000800
35002120
30002160
26000280
35002160
27012920
37006160
28004920
36000760
27005680
33010800
31007760
33003960
36000000
27008240
32003240
27009160
29006320
34007360
29004800
37009640
27004280
27000360
33003120
27003080
27009080
36000040
28003080
32003320
34010760
30003120
36001520
34005360
35001520
30007680
28002600
33007240
26002400
29001280
33008960
29000680
32004920
33000040
34004400
33001760
36003280
32000200
30005160
28005200
31001880
33005160
28004080
36008080
31008080
38000120
27010400
30004520
26007760
27002800
26001160
28005320
29009640
26008800
34010880
36010000
31001680
33001000
33003280
40000480
31006600
30001800
35006800
35001440
27001000
29002000
33003800
33009600
32006680
28006160
36001800
40000200
34011120
27005240
32008920
28009720
28005520
37002200
26002320
32008000
33008520
37000400
37003040
27003800
35003920
31003000
31009240
30000320
34002560
37005360
28004480
35001160
26008240
33012040
27008040
33003200
36008040
27010120
32003960
33009520
27006880
26007840
36000880
34007200
31003560
26003760
30005080
26008840
27000760
26001000
30003840
37005200
31008800
32009560
29005600
32002720
33006000
31000600
28003440
29003840
31003800
29008920
30003800
27002400
33003400
37006200
37005440
29005080
28005640
30009360
36008440
27003960
37002240
28001800
29002640
26005800
37000880
31009200
33000480
26004760
26010960
35004160
35007040
32001400
35000840
33005480
37007480
37005240
32008840
37002320
32002880
34000960
27005640
29008680
29004760
28003480
33006480
30009240
28003320
35002560
33005240
34009800
27006400
36006640
34011200
30001320
34002400
33002120
33006520
34004640
27007200
36006040
36009240
36003960
31002560
35008000
26004360
32001840
30006400
31004040
36000440
29007440
34011240
26006640
30000680
33006360
26009840
33000520
34005200
34007960
26004800
26002440
37001000
38000520
33004840
30009160
28008000
36009040
32002640
30002120
34004680
26004320
35001600
37001240
31006120
30004640
30006520
37000800
28009240
31005000
37004240
28000000
33008080
27008600
30002320
32002600
27003720
30009800
32002080
30002200
28002960
31007960
36007960
35006000
37000480
34005680
27005000
37003520
34008960
29003920
33004360
31004280
33004480
36006000
37000760
28005680
35007760
35007360
34007760
32002400
31004200
28007840
40000520
36000200
33007440
33003720
30006280
32006840
27006160
37008440
33010360
30007400
32008680
27012040
36002240
33003360
34005600
35007640
31008760
37007960
28005480
37006920
28003200
33011160
29002800
27011680
31006160
26001840
30001120
29004720
30007360
26008480
28009200
34002720
30005440
36008960
36000080
36008200
26011120
35005360
31001400
36010360
28004160
37005840
27001360
35003760
36006840
31009360
34010240
36004160
26001240
31003480
35007240
29000440
32000000
31001320
36009920
37009400
26000800
31009040
34011280
34010800
29005200
36007280
31000840
36002680
33002560
37005880
33007360
29005360
35001120
27011520
26010280
27005480
33006320
37006080
26004880
35002200
30008640
35002440
33004080
33010080
34009160
28004280
31000920
27012600
31009400
27008800
27006280
35002040
28008800
37000360
38000040
26007080
27003400
34003960
27008560
27006840
37005480
30007040
32008720
30000120
26007600
28009920
31006840
37005400
29004440
31004920
27010880
34003160
26002360
26000440
26003560
36009000
27009240
27010720
36005960
26001800
33008400
27006480
33004520
37009680
28006280
37001040
27001400
26003640
34002600
34010840
30001040
31009800
31007520
34007320
29001440
32004400
26001320
30006720
37002880
36010560
34009400
34005800
34011840
35005080
33005040
29001600
36005520
35005320
40000400
27007240
34001560
34006480
36003800
32002360
27001920
34007600
35005520
26004520
31003080
37006560
30003440
28001600
27005360
26005720
31001040
26006120
35007680
33002320
33000960
32003200
31007000
34006840
32001160
31002280
28000440
32009800
34001760
29009520
32007920
36006560
34003120
29004400
36008400
30001680
37001120
31007880
28000120
28007400
32006520
26002720
36005280
30004920
36001480
33004880
29001880
27006200
33005960
37009840
29003480
35004360
32009320
29001840
29006200
34001120
27006680
27000520
30002360
33001240
28008120
34009600
34003760
26007360
33012240
34002920
36002560
34006160
35005720
32003160
32005320
32003760
30008200
27004320
33010840
29005880
32002960
27012080
32001960
32001680
30000480
31001560
27011600
26004240
27007480
35001680
34006560
29003000
33010440
28004600
27008520
36005320
26007160
27004000
34004160
31008480
36002520
33007840
33003160
37009000
36005640
27001600
29005720
36001080
34001320
32001720
30003360
30001760
26009720
34003040
32008120
30005760
32005480
29000760
36004200
31004480
39000080
26010320
31005360
33003640
33005000
28000800
30006600
32009640
30009480
33011040
32001440
33000320
33003840
30002400
31000880
37007560
34008200
33003560
31002840
30005640
37002760
30003640
28001400
32008160
28002920
34011040
35003560
35000720
26000760
37005120
32003120
28001640
28005560
32009880
32000320
26009080
26008400
36001560
31005560
26011200
30006880
26005560
30009400
36006200
33006400
34005920
36005440
26010360
37003360
30004800
34002280
32009080
33012120
35002600
35002280
35007440
35005040
33002840
35003400
35004120
40000160
31005040
33008600
39000240
37004000
34001680
29005520
26000040
33000920
29005680
31004440
26006480
34011000
33003440
28004000
30002680
31000520
34012240
36007240
31001640
28004720
29000160
32000480
35002360
33002680
36001000
26006600
36008920
27008000
28003000
37009200
33001560
28005120
29008200
26009360
27009760
35005000
27000440
36001600
36008160
31004680
29004160
30006480
35005920
29008120
32003520
29001040
31008560
29006960
35004920
35006920
32008440
26001080
27001520
29008520
34000200
34004200
33012080
34002960
29001680
30000200
35001800
36008640
26001880
36010200
34004800
29002960
26006800
37008800
33011640
34011480
33004640
29004600
37004640
29004680
27007840
29000920
34007720
29001760
37006280
30008040
26001400
26007560
37005520
34002440
27006000
37004600
29009360
27003880
33011280
36002880
27001040
26005120
32004960
31005920
37001320
29004960
29007920
35006760
35003480
26004160
27009520
29007120
37006960
36010040
37005600
33011520
31009000
36009280
30005920
36007480
27002880
26008360
27000680
37001960
33012000
37007400
33011880
27006240
32005400
27012520
38000320
36003760
30004120
27012200
38000200
32002920
31005280
30000720
33011120
33009680
36005880
30007920
31008680
27010320
33005800
26010680
34009280
30008880
37009080
40000560
36004720
33009640
30003280
27002920
31004160
32007800
28002400
31004080
30000960
37005560
34010080
30003880
27011560
31007320
36004680
30009920
30005120
26007720
35001000
30001840
37001680
37009360
29005800
36000280
36003400
32002120
35004080
37001640
29005920
29005160
36001280
26001640
26006080
34007120
27000160
34000760
34001040
34003000
28008360
36008840
31000120
26006400
26002640
34008720
30004480
34006360
37000520
26009280
34004320
31006880
33001040
32007600
35000880
26006560
36004760
28001920
37000320
30004840
26008600
33002080
30000520
26004280
33010920
31008280
37005320
37007640
37009160
30005200
37004800
26004600
27003640
29001080
32006960
36002040
35007280
29001160
30004960
33006280
30001960
36001400
31000000
26001440
35000400
34004280
33002880
29001480
35000600
26000160
29003320
27007120
33007120
26006160
31001080
32005200
33010880
38000400
37003280
28008840
26002000
33000400
37002600
36008360
32009720
29000240
34008080
32001000
36009960
34001200
35000120
29007760
32001040
34006000
35005400
32008600
37000280
36010320
36007400
34005120
29001200
26003400
27000960
33008360
26001360
28003240
33003040
27003840
32000680
36007440
30007560
40000360
37008960
34011400
35005600
30007240
33004000
34003320
34008480
30001480
30006000
34000440
28001120
31002080
27002080
39000000
34000720
36007880
29001000
33003240
36006960
35003800
36003120
32009680
35006360
28007800
33000640
37004120
34011800
27005840
31003400
37004400
36007800
34004360
35005160
29002720
30002720
34010320
33009400
30005360
26003280
34001000
34008240
33001080
36009800
30009320
33002960
36010600
38000560
26010080
30009200
33003520
27004360
36000360
35005960
33008160
26006040
37002440
27012280
36002720
30008080
33005080
31005480
33004400
34001160
37006800
32005600
34011680
37007800
31007560
27005960
37000960
30005560
32006640
34007840
32006320
34001280
37004960
30006360
30001920
30002480
35004760
27010480
29003640
37006480
28003880
36000560
29008400
32008560
34007480
33001960
28003360
26004040
33002520
26003520
31004120
32001520
32008640
33009120
31006640
34008280
28008040
37004840
37002680
35002840
27003520
30002960
31008920
34003480
32000840
31008040
30005520
27011160
37006520
37003200
31000720
33001280
32003080
26000880
32003280
32003920
36003640
36000400
35003040
34001360
37009920
30001880
30004720
36008880
37003440
26003720
27000480
27003200
33002040
27004480
29008040
31009880
30008680
34004040
28000720
34001520
31000280
33007800
29003440
29005480
34004240
27002360
33011840
35005440
29006760
29008480
27009200
36009880
31003240
33007000
36005160
26008560
26008000
28001040
31001240
28006800
30003920
36003440
34000600
35006080
34006800
28009640
28000320
32000040
30000800
26006000
36004360
34000880
30003520
35002320
28007600
32000640
36002280
30004000
37004520
37006040
27002040
36010640
32003480
37005920
29006520
36002920
33007760
37001280
26001960
35000920
31005120
30008520
31003360
32004720
33008240
34007520
26007240
27008720
28007560
29008720
30007640
27009720
30001080
30008920
33011760
37001440
35002480
33004200
30006560
27007960
37000440
35007320
31003440
27001560
29005240
36006920
34007000
37000720
30004600
26010760
30004200
34006280
34012080
33007080
36001360
36008520
27001200
33004960
26007640
30008400
37008600
27008120
28003160
29006560
31001200
28008080
28004840
32008040
31001600
29005640
32007680
28009760
32005560
28003920
30000640
28009360
37004360
34002120
30000160
36009320
28008560
36009200
29004040
36008280
26008320
31001800
28007320
37008720
34009920
32003840
37008520
37009520
26001920
36002600
28004760
34010120
37009760
33006120
28006880
31000680
37009880
27000120
33004560
37000920
36001760
31004720
28006960
33010520
32008800
31003120
34000080
32009480
26002280
31008640
29009880
27004600
35006560
30005840
27011280
27003240
32007080
35007480
30002880
30001160
33006760
35006720
30009840
35000560
30002560
27003680
36010520
30000080
30008760
32004360
36009440
30004400
32009400
36007920
27007760
28003520
35001640
26007800
28004200
29001360
35005120
35003880
36001680
33008440
28007760
39000200
32009280
32002200
34010680
28006080
31006960
29003560
27011000
26003840
27008320
27009800
34003560
32008320
27004560
36002440
34008160
37008240
35001080
29005560
33010280
31000760
34002160
26006520
32008480
36007600
37004200
34000840
27013080
37006400
36003000
33001720
35006400
26009920
26000720
30001520
28000600
34010560
34001480
36002800
33002360
26000000
28002000
37002640
29007520
26002920
29004520
34001840
27011360
37001080
28009680
27010960
26009680
26010120
28003040
31006040
32001280
35006520
37008200
36003360
27002760
27007720
35000200
30005280
30008840
36004880
34004920
34006960
28001760
32009600
33008000
35002720
30006040
26005040
26007040
26008080
31005320
29002120
36004400
28006680
36000920
28005840
37003240
34002320
36010120
36004800
27001160
34005320
26007680
27002000
27008200
32007400
26002960
29000080
37007520
30003240
26005520
27001080
32004000
34008680
28004120
37000840
29004320
27003280
28000920
37001360
30001200
35004320
33001640
31003520
31009720
31001760
32007520
30009040
36004120
33009720
35000640
27013040
33004720
33001200
36005360
32001480
33005640
26009240
26009320
31009680
33001880
36000960
33006720
35003960
29004280
36000320
39000320
26010160
30008000
37002720
26006240
26005400
34004520
32003000
27006640
26003160
26002560
36005680
29003360
28002800
36006480
26005840
30004560
37006440
35007720
34008120
33004760
29006600
31007440
35006040
27009880
35005760
34003800
34002640
33003920
31008000
29003240
27000000
36002080
29001800
36004000
33001440
26001560
33007880
26000400
31005960
35005840
33004240
27011960
33006440
30003320
34002080
28009040
33007160
28009440
26007960
37006680
28007520
30004240
36008480
33001840
36009760
36006360
31009080
36007160
31003680
35004800
26004200
34008800
31002360
36006160
28008600
33008720
27012960
35004200
33011200
31002440
30000360
31003200
29008320
29005000
26001600
32005920
29000840
36003520
28001840
31004240
26000520
29001640
26009640
32004280
26009600
29008440
27010520
26005320
26003080
36008320
34012120
32009240
34005280
28000200
27004440
29003680
33007520
31007360
26002760
28009280
37001200
30009880
32006280
29006800
35005560
32002000
28009160
33001680
31003840
31004880
35005680
31002320
37007840
29005760
37000640
34007240
36009480
28008680
28001880
33007960
29002240
35007880
33009840
33004920
37008280
37002280
32005960
27010360
29000560
27001840
37002360
28007640
31002920
31006240
39000400
29007880
29007400
27001480
37008560
27009920
33004680
35004040
31002880
27006760
35004880
36009120
34011520
27011440
26004680
27002480
26002200
28002840
35001320
33010640
29001920
34012160
34000400
32005160
28006440
28002760
26002040
35001560
30003080
27000320
31002800
31004960
36007000
39000160
28005000
34009480
31000360
28007440
32001200
36003920
37002840
36001920
30007080
36008240
27011920
32008960
28008280
29000480
30009000
29009840
34003280
28008480
28000080
27002320
27004880
34008000
26000200
33003760
30003200
31000440
37008080
34002680
31003600
29006360
30008240
33007640
34005560
29009000
34006200
27001760
30002240
37008680
33009480
38000480
37002520
34010520
26008040
27013120
30007760
27004640
27006080
31007240
29003160
28009320
27003000
29007200
37003400
37001840
31009120
30001400
32002040
36004560
29007680
35004440
32003360
34003080
30000240
26002080
26010480
31006440
27006600
33005120
37003920
37000680
35001760
30007800
28009800
34003840
32007200
34004720
27011720
36005600
28000240
37003800
34007400
37003120
32001560
32007560
30002080
34006120
26006720
32004560
33004280
30002760
31003880
35000480
37009440
32007880
35003600
34010640
34007080
33010200
29009400
36003680
33009800
27012880
34008600
31005440
36005720
27007360
32008080
29007720
30006160
26001720
28002680
32006080
29002400
27009960
32004520
29004840
30001560
35005240
27009640
27008440
27012400
27002960
36009400
27005120
26005960
34000560
36000160
30004320
34007640
33003320
27004080
32002480
30009440
36003840
26007280
37007120
31009760
32004880
30007480
31002760
31004400
27008280
29002520
32001120
36002160
34011080
37005040
31001920
30001000
27000040
32001920
26011080
26003120
34001960
27005080
31006360
27002640
27007400
35007120
34003240
28006000
33006160
33000720
37004480
32009440
28007160
35000280
33009080
27005920
35000680
26005880
28000040
35004600
27011400
29003120
29000600
31002600
27007000
34005760
28000760
34001440
27010280
37007360
34010480
31001480
26010600
34011720
26010040
36001320
27008960
29009280
37001720
27005720
37002160
28000280
37001600
33002760
33005520
29000000
26003880
33011600
28003760
29008280
28004400
32008200
27000720
28000520
34010000
33008040
36004640
32003400
30005880
31008880
29000360
32002760
37009320
27007160
32006000
30004160
34008440
30004040
35007160
28007720
29002680
28001200
33002000
34006440
30007960
31004360
30006440
27006960
27007600
35002000
29003280
29009240
29007280
36006120
36006400
30000880
34007440
33009360
26008120
35006960
29002560
33000240
26010440
33010120
26004720
36001640
32007640
32000880
28004640
32002840
31006000
28004560
26005240
26011320
26007480
26006200
33005280
32000400
33008280
36004480
37001560
33001800
30009760
34009440
34009240
26002160
30009520
28009560
32005080
32000760
32002800
27009280
28007000
26009800
27012640
29008640
36010280
37003320
32008240
27006360
34000040
37003720
29001320
33010400
34009640
36005200
30007840
33005560
29006120
30005240
37003560
34009360
33000600
27009320
39000520
32001240
30002520
35000080
26004000
30000600
37004560
26009760
27002840
40000240
40000080
27004920
32006560
43008160
44008720
44005720
43005160
43011880
42009880
42002800
42011720
44008040
42006040
41000000
43005640
44003800
42010440
42008760
42005480
43002840
44012200
44004640
42002760
44008840
43012000
43011960
42010000
42004320
42011880
42001560
44003680
42003320
44013760
44004160
43005000
42007640
42010600
42008920
44012040
43000880
43007520
42005760
44013200
42009040
42003880
43009600
44012640
44013880
43012960
44004880
44009680
42013480
42003600
43005360
44001920
43005520
41001160
43005320
44005800
43003560
43006680
42012640
42002120
42005560
43012160
43008080
42001680
44011040
43005480
44004760
43003080
41000080
42013120
43003280
43012760
42000240
42005520
43002480
43008360
43010880
44013320
44004960
44007880
43009080
44007680
42007400
44010800
44007480
44010000
43009280
44012400
44012120
42001200
42001240
43013320
44002680
44003280
43005680
42004840
41000200
42003800
44013120
42013800
44013360
43002360
42010080
43004680
43007960
43009680
43002240
44001840
42011200
42004480
44009920
42013880
44008800
44001720
42003760
42003840
44012320
43014000
43011480
41000400
44012800
42003200
42011080
42010160
43008680
44007360
44005960
43001760
42008520
44002960
44003040
42009760
42006560
42010960
44003600
41000760
43003040
43006880
43007440
42006400
43001440
42009960
43012640
42004560
44006640
43007640
43004520
44013280
43000040
42007720
43000840
44013400
43010360
44006280
43001280
42001720
44010520
43012200
43010040
44002120
42001880
44000080
44008480
43005960
43007720
42002840
43001480
42012240
43005840
43010920
44002160
43010600
43010480
42009440
43007000
44009480
44004360
42010320
43002160
44000440
43012560
42002160
44010120
42003680
43001840
44001200
42004360
43011120
43000760
44007720
43002960
42000000
44012840
42014000
42008080
44007960
44000840
44005920
42010280
42005720
42007880
43007560
44005880
44013720
43011040
44010680
43008840
42008640
44008880
42002240
44005760
41000640
44010640
44002040
44004560
44013600
43009760
42003120
44011280
44012080
44014000
42007080
44001360
43008400
43013040
42004080
44000720
44002440
44007840
42011920
42007040
44009280
44011520
42013040
41000160
42003240
44008280
42012360
43008280
42005080
42007360
43003160
42009400
42009600
42010760
43004800
43000200
42012960
42011040
44006800
43008120
43004720
44002840
44008200
42002720
42000480
43002680
44001400
44005040
43002520
42010040
43005240
44004400
43013840
43001240
43000720
42000160
43001120
43001360
43003760
43010800
42003920
43013240
43012120
43010760
43010280
43005880
44009760
42012880
41001040
43010440
44004320
41000800
42000520
42009360
43000280
43011560
44005280
42011400
43000480
43006000
42000400
42008600
43009480
43001400
43010400
44002920
42004040
42007800
42006960
43010320
44007000
42001280
43001520
41001120
43012680
43011640
42008960
44012480
44011440
44005160
43013120
41000360
44000920
44010440
42001840
42011120
43010160
44008400
43002920
44002720
43006200
42005920
44000240
42009640
44002800
43013360
43006720
42008320
44008960
42006520
43004080
44006760
44010040
43004120
42007240
44009080
43013440
42002640
44012160
43008520
43008640
44002480
42003640
44011640
44003640
44011080
44000360
42000200
43000240
42003080
43006800
42000960
43007480
44001880
44009040
43009920
42011640
43011600
41001360
43012720
42000320
42005160
44006440
44009000
43004200
44013920
42009480
41000840
43007680
44010280
44001280
44004520
42001800
42010720
43013200
43001880
42007760
43013640
44002560
44006160
42011680
44012960
42014040
43006520
43007120
44010160
43000960
44009800
43013280
42006800
43002040
42002920
44005560
44007280
43003840
43001200
43007920
43009240
41000600
42013400
43004880
44012600
44004120
42006360
43001800
43005040
43004160
44002240
43005400
42001040
43008960
43000560
44000760
44003200
44008680
43004920
44012720
41001080
44006400
42008480
42013240
42001760
42000360
43005440
43012040
42005320
42007680
44011560
44007040
44011600
44008160
43009800
44007600
42000840
42013760
42003400
43007160
42007920
44005360
43013680
42013960
43006560
42012800
43006840
44000040
42010880
42009000
44008000
43004480
42010920
43008760
44007760
44005400
42006600
43002600
42008680
43001720
44006840
43008000
44006520
42011000
43001320
42000800
41000560
43003320
44011680
42003160
42007840
43001080
42011280
42012120
44006000
42012320
42007560
44012000
43010080
42010800
44013560
42000920
44005680
42001360
43012320
44009120
43004360
44011720
43013400
44000320
44010720
43013720
43006400
42010640
42010120
42006160
44009240
44009320
43002280
42002080
44008240
42004960
42008560
42005960
43012360
42005680
43000520
42006760
44001320
44004200
43013920
44000960
43012240
43006960
44001520
42010360
42006120
44000480
44003360
44005240
43011360
43014040
42009200
42006080
44011240
43011200
42008200
42008160
44013680
43005080
43013080
42002560
43010640
43002200
43001560
44002200
44003120
42007440
42003040
43011760
43013600
44013040
42010560
42013720
43001160
43009560
42012200
44010920
44013480
44009600
44002080
42012560
43001640
42010480
42012680
44000120
43013960
43004960
44002000
42004880
42006320
44005840
43013800
42001920
44005520
42009720
43012400
42007000
44007160
42010680
43007280
42009840
44003000
42002320
43004560
43000640
41000040
43003360
42012280
43004760
41000920
44013160
43010000
44013640
44012880
42008840
43007880
44005120
44011000
44009840
43004000
43001960
43003480
44011840
43013760
44010960
43004600
42009520
42012400
42006680
43010240
42005360
44012440
43000440
44003920
43002320
43002880
44011960
43006600
43006320
44006040
42011960
44006200
42006720
44004040
42006480
41001000
43002760
42003720
43001920
41001240
44004800
43006360
42013200
42013320
42006880
41000280
42001480
44007240
44006560
44000400
42013680
43010560
44003240
44003080
44006320
43009160
44012760
41001480
42008120
42000280
44001080
44012560
44006960
42007480
43011320
42012520
42007320
43000680
44013840
43002400
42012480
42010520
44003520
43012920
42011600
42011520
42005000
43013160
41000240
44005200
44001640
43009400
42004280
43013560
43004400
42005600
43013480
42003360
44008320
42006440
44009720
42004400
42013520
42013000
43009000
43007240
42005440
44004600
44001560
43011240
44005600
43010200
42003560
42000080
43004240
44008520
44004840
43003680
44007120
44004440
44000200
44005640
43006240
42007280
42010400
43002080
42004920
42002880
42004800
42001160
44002320
42010840
42007960
44012680
44003160
43007360
42012920
42001120
42005120
42009240
43011840
44010200
44001160
44000520
44007920
43003880
44006080
44011200
42002280
42002360
42002600
42009560
44006680
43012480
44010840
42009800
43013000
41000440
43010680
42012840
43012880
43011080
43013880
44004920
44011160
44008360
43011520
42000440
43005560
43007600
44004720
44011760
44004240
44000280
43006760
43007760
43006120
44010360
43000360
44003560
43005760
41001440
42013600
44003720
44007440
44001040
43011680
44013240
43006920
42012440
44006920
42001960
43001680
43004840
44009200
41001320
55005080
49006840
47006040
46012200
49011040
54001000
56003200
48006560
53003200
54005480
49007760
53004840
55003800
45010880
55000960
53002600
47006840
45000160
45012120
45008160
56011240
51000880
45004800
55011960
56004240
56006320
45003240
53011960
47007920
55002640
55006920
48004160
53007560
54006280
49003280
49004280
53009720
55002280
45005240
56008280
55007040
54000000
45000440
55006960
47001520
46006800
53003280
55005560
55010760
45012160
45000720
56011160
51000960
45000040
56008400
45001640
55005480
45004000
56007600
51001000
55002760
45006840
45009600
54009320
54003720
47007560
55000160
49005040
54010800
55008800
48000400
53002960
54005360
49002640
49008600
53010400
56002560
56011000
55004960
48010960
48010560
51000440
56010760
55006240
48010840
55001920
49005200
47001760
47004320
49006240
54004720
56007880
46006480
47004040
48001880
49012000
49012440
54007040
50000680
54006840
47006800
54010600
48006480
56006120
55008240
54007840
52001040
49011440
55010560
47005040
47008840
45000640
55003880
46002280
48005920
53008480
55008920
55000600
54003560
45007640
55007600
55009000
56010640
48005520
45012000
54011600
49008040
48008080
48007240
48009280
53005680
48003280
55007920
46010880
45004160
47003760
47010680
45009040
55011400
48000280
53009960
55003040
56002960
49002000
49007320
55005240
56008880
46012320
54008680
48004080
47005760
47001160
54000320
55004600
47011240
48008320
53009200
54008640
56007000
55003160
45007200
56010200
54005600
47002280
55009800
53007480
45005600
56007560
46003640
54005040
48006840
45008440
53007840
56003280
48000320
49002240
53009000
56001200
46005600
49007440
48003960
47004080
49011400
53005480
49009160
49001920
53002240
48010800
47008360
54009880
45003720
46009280
49000760
55007000
55007160
49008280
53007080
56005760
45001480
46004240
47003560
48011120
55002720
45002480
49002200
46007840
53010280
46010200
54010160
49009360
47011280
55004480
48006760
46008920
51000000
45000480
45000120
46007600
49010680
48003200
46010560
51000040
55003760
56000120
47005000
54003120
55009640
46003000
55004120
50000840
48004880
49005960
47004520
54001360
55006000
56003840
48005000
56000320
54004400
48004960
45007040
45002640
47007040
45000240
55001360
54003760
56008000
47002840
54009280
46006560
54007080
48005480
55005800
48008240
56006240
56007960
48001000
56009720
49003920
55000120
52000400
45006760
53000800
48003400
56003000
53006000
45001600
55001040
56001680
55002320
56004600
54005440
48005600
55002200
45002040
54010200
47002800
56004920
56006920
53000040
47001120
47011400
48000800
48001680
47006520
47005360
45007680
54005320
49006200
46002680
46009960
55009360
47009840
55004520
47007840
47003400
53007680
45009160
53010480
56009960
55007960
47000520
56010840
55004000
46000880
56009400
45011040
54003040
50000600
54007560
54000480
45005760
47001960
56008800
45006080
54005920
45012440
46010840
54004880
49004840
46006840
53007520
51000080
53004960
53008960
46010320
47003840
49002320
48005120
54001160
55003840
53009520
48002080
54001480
56001120
54007000
55005680
50000440
46006120
48000200
46011320
53004120
55003320
47003680
46008200
53003880
49006280
49006120
49006960
55008280
54006560
48010080
49008480
49010720
46008400
55010320
56007280
46004640
55007080
47001840
53007160
48003000
48002120
47001440
54004360
54007400
55005600
47001360
55003280
53004920
56002080
48009120
54002200
49001120
55008000
47009560
48010760
46004080
55003960
47002600
53002080
55004040
46001240
47004440
46005360
49005640
49000040
53010640
45000320
47000920
49009400
49001280
46002880
53008160
46011040
49005160
56009240
45008200
49008640
46007960
55001080
49000880
53001280
53010080
49003200
47008760
52000040
54009080
46000640
56008120
48006920
53002800
54006760
45003360
49004160
55007120
46000120
47004720
49007720
56010320
49003360
55001120
54004080
55001600
45010960
54010080
56003920
55005760
56003120
49006520
46001680
56008320
54009520
54002960
47007400
49006040
56009200
53002280
45000960
48005080
46002360
46006720
53005880
54001120
52000480
56009080
56000760
53005320
49000680
49002040
49007960
55009200
48005880
45000080
47004360
52000920
54005840
46002840
54009760
49012680
56007800
46008840
47000320
54005000
49011320
53002120
45004400
53003800
56000280
54005120
54002360
45011440
46006960
56007480
54010480
55001200
49006560
49012080
55007480
48002240
53006840
55009320
54002640
53007200
53004720
47011200
45011000
54005400
56006280
54008560
48003440
53000400
53006720
48010880
53010680
53002520
53004080
48000480
56009680
45007240
46012280
56003440
53003320
48006280
55000000
46007120
48004800
49001320
47009440
48010600
55006520
47000120
45009640
45010840
46006000
45009440
47001000
48008600
47011360
53006440
53006240
55006560
49002720
56007120
56002360
55010640
56001240
55000800
54004840
47005840
46007360
54000720
49010840
47002080
46003920
56004080
49008760
55002920
53007440
53010960
48006400
55005920
53007920
46011800
56008520
47000000
53006680
46010480
49009320
54003480
45010720
45011280
48002200
46006080
47007640
55008720
49009840
47002160
49003880
56002200
55003120
49012600
47010520
47003160
56004440
56001520
54007480
54007640
47004160
45006160
46006400
55002560
46005680
47004480
53008280
47004760
54007760
53009640
48003720
46010680
45008680
46012360
47006640
55004440
53011480
54011560
53002920
45007920
45002600
49000200
45012480
45010480
49008920
48004840
46007440
48002560
56004880
49009880
49003720
45005560
49009560
46000680
46011160
49004560
45004200
54009240
56003520
54000600
48009240
56009920
46004440
53009920
46006880
56007440
47005240
55004560
54005960
55005360
46001160
47008320
54006520
45002760
46003320
56010360
46007080
46011280
55008080
56005880
45011080
46001760
55011000
53005560
56003080
47010800
54000160
46005040
56000040
47008600
47010600
48008160
56000360
56004400
53005200
45010560
53011200
56008560
48005320
48003560
45006360
45007400
45010200
46000520
46001920
53001400
48008360
54008120
45001840
49007360
53006160
51000160
49000160
54010880
54006120
46000320
45005520
54006320
46002160
47011040
53001240
55000200
56007320
48011440
47010200
53009680
47002520
45003920
45003040
46009120
48008680
49012520
55003000
50000040
53009240
54005280
49006640
56001960
49007520
46004760
49004960
49005440
55011360
48003080
53000880
48006520
54006400
49001680
45007880
54001040
52000000
55010800
48004440
56009160
53011840
55002000
53001160
49003120
49002440
46007680
56010040
55010120
45007160
53003000
54009960
53011720
53003040
48007920
46000280
46010960
55004720
45007280
53010920
48001920
54001600
47009720
50000000
56007760
49004520
46012440
49011880
56004760
54002080
52000120
55005880
54004960
46003880
49009720
45000000
54005640
45011960
56007160
49005320
55004840
49008960
56004680
53001920
55007320
54004200
49008080
47007120
48006000
52000360
46008440
55006200
54006800
46000000
54004520
48011240
48001280
49005800
55011640
45000280
49010800
53000920
47010160
49011800
49003640
55001880
48010640
54001440
45001320
56002000
48000600
54000840
55002400
49009120
48007800
47009000
55004240
51000600
48000880
46001000
46006680
54000560
48009200
45010920
45003520
45009480
48007640
56005840
54006920
45008480
45011120
50001040
49009920
54000760
56000160
48000160
54010320
55000720
53007360
51000920
45012240
49001400
49011000
54007960
56010480
53000440
49011160
48010280
55009600
47008200
48004240
56006600
49008200
45011720
54011040
55010880
48007320
53003960
47007320
49008360
47003600
53000160
48001440
49005360
54010120
56005080
49004640
47001320
47002920
46007320
53001440
55011720
48009640
45005960
54002840
55001160
48006200
54009800
48007880
53004280
54002760
53003360
48009720
45007800
54006080
55010960
45005320
45011600
45001880
54011240
46000040
45010680
46001800
48011320
53004760
46012120
49005080
46009880
46011480
55001760
49010040
56007400
45007560
54010520
46005880
55002840
49006880
48003360
45010160
49004360
46003600
49011600
54004040
56000400
56006960
56004520
45005480
47008720
45008320
55012000
51000800
48006040
55004760
48005440
52000760
46000240
47010720
49011480
56005560
46007760
46005560
45006720
53007760
46002200
56000240
45006920
46005960
49009440
49003000
46010920
48008840
46002080
49000480
46008360
48001320
49000000
55011200
56001640
53003240
47002400
47008440
55002800
54009160
47000600
46008000
46009440
54001640
48000760
49003440
56006440
48009400
48009920
49000360
54001560
48008040
54006600
46002320
47008880
54004160
54002040
45001080
49001000
56010520
55011080
53005040
54002800
55007520
46011560
50000520
56007040
48004040
46008640
56007200
54001400
45008600
53002680
46002800
45011520
54003080
47007480
49010640
55004280
53001840
53003440
53003840
45010800
46009360
49001240
45010120
49002600
48000920
54011680
56007360
53005960
47007200
53002320
56006760
45001760
55004200
47001560
46007400
49010120
47011120
47008240
53000760
46001040
54008200
49000520
45004600
56005480
49006440
53010520
47000360
54008360
54006200
56002280
54003880
48007840
48004360
49005120
53004520
46006360
55002360
55007800
48002000
49007480
54000920
45003840
46003720
56008680
45002920
53011240
48009040
56003640
46012640
49011520
55009120
47000800
55008520
47009800
49003760
54009840
53010240
45000800
55009280
49000280
53003520
55003360
54011200
45005160
53003640
49005520
53004880
47003720
51000520
49002760
55003600
46010240
47004680
49011760
54001520
45001800
56002040
54002600
45000560
56004840
47001600
47008160
45002800
55006400
46001880
53004560
48002720
45006200
53002360
53001680
45004640
47008080
55000360
56003400
45011200
56000480
45006880
47008920
53000840
55011920
48008000
54009040
48007760
53002040
47007160
45010400
48009600
48005560
54004320
52000560
54009600
47005800
56010400
56004160
55011440
54006720
49002080
46005920
56008240
56005320
56001920
47003480
49008840
55000320
48002280
47003640
56002160
49011080
48005680
48006800
53000120
52000960
55003640
55011520
47006920
56005200
45000680
56003960
56002720
45009320
46001560
47000200
55000840
56001000
56005640
54011520
46000360
49010480
48002320
53000680
55002120
56001880
53000320
53011360
46000160
48002160
55000240
48004280
56009600
53009320
47008520
53009880
46003120
46000720
48004640
48002680
45010040
46009680
46000760
55002160
55009960
55003920
49008160
53011000
46007000
45012320
47001200
46007800
54004240
56003760
47007800
54003240
49012120
54001840
52000640
45010640
53009840
48007400
47005480
55009840
49004320
47011000
50000320
46003280
56002640
54002560
48011000
48003880
45010000
45002440
54008480
47000240
46011200
55007200
49010320
52001000
49000240
54007360
50000080
56008960
47002040
53000640
56009360
49000600
53000480
45001400
49010440
54007160
45009520
47009080
48002800
46005720
45002840
48008120
56009800
46004400
45004120
49001080
56000920
45000400
45009200
49007000
45000360
53000000
47000880
56002480
56004720
45002680
48001120
54003600
49003160
55011600
53010440
47011160
54003840
45007000
46006240
53011680
56006800
53002840
56010120
53011320
56011360
46001480
54011400
49007600
53005920
48010160
47008560
46001200
50000360
48007720
47007440
48010360
56004000
49010600
48006240
56010560
49007920
46005760
46007920
46009480
47007680
47007240
49004120
48011200
47006560
46002120
45006000
53009080
48004000
51000400
48003480
53000600
49012320
54004120
49007560
56010960
55011840
48002840
52000080
48010680
48008800
45001000
53006120
55008360
45009000
52000520
56007640
56003560
48009520
49006760
48008880
53003920
53006920
48001240
47008040
55003720
49009280
49005760
47003120
56009760
45003160
48003240
54005200
49011560
53002480
54000080
54003520
53005520
47009520
56002840
45009280
49009480
53007880
48010200
50000640
54002280
46003160
48002760
45008360
46006200
47003000
54002400
45010240
56009520
56003680
49006680
49012240
55000880
54005760
56004120
56009560
45006640
49007840
49001760
49000920
47001280
46008600
45003560
45006040
49011920
53008760
46008880
56003240
48002360
54001280
54007240
55002480
46007040
47002360
45011800
49007800
46010760
56008840
47003800
47005920
55002600
53007720
45006280
48000960
55005720
52000440
53001960
54006960
46010360
49002880
46005520
48009320
48009160
50000760
56002520
45005800
45008560
54004560
49006800
56002800
46003400
54010920
47008120
49010240
46000800
47004200
45003200
47002760
46006600
55007640
49000120
45011920
47003960
46011920
55001400
55007840
55010160
55004360
48008760
53002160
48005040
49009080
55001480
54006440
56006880
46010080
54000800
55006360
49004240
46011680
46009560
48003600
56000800
46004040
45008840
53005120
46003560
46004160
49006720
50000960
55006800
56006160
47000720
54001760
49003080
46003040
49002840
46003080
45003760
47006880
49003320
45001560
45001440
49007680
45003280
53003120
55006720
54011160
54000520
56005120
53006480
47002240
56011120
45005200
45001920
56005440
56011080
48009880
55003560
56006560
54004800
49004000
45009720
56001800
54008760
56010800
48004200
55006160
53002760
49005920
53011920
49004080
53008000
45002320
55001280
53009760
56001760
49004480
48007520
45001160
46009520
52000720
55003080
46008320
54000880
53007960
46010520
54011000
55009720
54009200
47002640
46005640
49001560
45011360
46008080
54002240
45004520
54001240
55008320
45001680
45011640
47009320
55002680
48002960
54010720
53000720
54011880
47008800
47009400
45004560
48008520
53001640
48010240
48011360
55007760
55008960
53005640
53007400
47010960
45012680
53011600
47006360
56007240
48009840
47004000
46002640
46005000
48010920
47007360
46004000
45011680
55010720
54002440
45003320
49006360
48004720
48009800
54008840
45008080
49002280
45008960
47009640
55002960
53001120
53004000
48002640
52000160
47000440
46000960
54008440
51000680
56002400
47005320
49001440
54004280
49010960
46000400
56001400
46007160
48008960
49010760
47001240
45009400
48001800
53005000
55009160
56000600
46008720
46010400
54000440
47006120
49005480
53003400
55007560
56002600
54002680
55007360
49010000
48005240
48006960
48007560
55005520
56010600
53003480
54007440
45002360
54010640
45007600
53010800
45002880
54005680
56006400
49009040
47003040
53009400
55009480
53008680
53002200
48011040
46004280
48000680
45011480
45004920
47009360
54007920
55011040
56005040
48007680
45005680
46000480
55004800
46011240
50000480
47005600
48005360
53008120
53008360
45007520
54007280
48011400
56007920
46001120
49002520
45004240
54004600
48005400
47005720
47009880
45004040
47004120
56008360
54006480
45006560
54003000
54003920
49010560
55001240
46008160
53011560
46005240
48000840
55008560
48002880
46006280
49008680
49006480
56003880
49000960
49008120
56005680
45011320
54011800
48007440
47003360
54001720
55002040
54008240
49008440
55010840
47007880
49007200
46004880
47000840
47007760
48000360
51000360
46002720
46008040
53007240
49009800
46009160
48005160
46009000
53009040
48008480
55008040
46004560
54007120
46007560
46012480
48005640
55002440
47008000
47000480
56006000
48009760
54010000
56005360
47002200
53009280
49011240
47000080
55001320
48002040
49010360
55001440
47008640
45005720
55004680
54008400
46001360
48011280
53009480
49002680
46011080
53011440
56004040
55010200
53001320
46011720
49000840
54009120
49011640
46006040
54003200
49003680
56003480
49012400
54009680
56000960
55006760
47005560
45004720
47010480
54003440
55011240
53009120
55010920
53010200
46000200
45007960
56005280
54000200
53008400
45011760
46002920
47003520
47008960
46004960
55009680
53000280
48006360
55001800
49003960
56002880
45004880
48001160
54003960
56006720
53005600
53000200
47005960
45012520
54011840
45003080
54003400
54001880
45008760
55009080
54009440
54008160
54008920
47010640
48009000
56001080
46011960
56006480
53010000
56009320
56001040
48004320
48000560
56002440
54004000
53004400
49006400
55010680
45012400
56009440
49010200
46001720
55005440
49012480
56005240
47007720
49006000
53004360
48007480
53011280
46006520
47006720
46008760
48001040
53006280
48009560
45008800
56005800
55011880
48001520
47001040
47006760
45004080
55009440
46009320
45001520
45006120
53005720
49008720
53004480
45003120
48008720
55010280
55008200
47009280
47000680
49005560
47004960
53002720
54010440
51000760
56010160
48010720
47005520
53001800
55000760
52000200
49011360
56007720
47001640
53009600
45002240
47009200
48003840
48001200
48003680
56011440
53004600
54003680
53009440
49008240
53006600
49001880
47001800
47000040
56002240
46005200
48006120
47002960
45011840
56000520
53007120
55002520
46011520
51000840
53008640
55001680
53003720
55008480
45010360
54005080
49011680
45000760
46008480
53003080
48004560
49004800
48008400
53006560
49001040
56008160
47001400
48010000
56008480
56009120
55005320
47003080
55010000
55002880
55010440
49002560
46004800
55009880
45008280
46009920
45009760
55000560
48000440
56001280
48007280
53000360
46011840
48007120
55000680
51000320
46001840
53001560
55000520
46003840
51000200
45008120
54009720
48009080
47008280
49001360
55011760
54003640
54001200
51000240
54002520
46003200
48002600
53004320
47010840
55011560
47010440
46007520
53006200
48003120
47000400
46008120
48008280
53007000
56010680
45012080
54008520
48008920
55007880
45002520
47003440
56008920
48007960
53008920
48003640
46012680
45002960
45003640
45002080
48001560
48005800
48000120
46001640
54005240
45000600
55007240
47004280
53008560
49011840
45009800
55010040
48011080
56009480
48002480
47000760
55011320
53010360
54005520
45009240
54011360
54011440
54002920
45003400
49009000
56010880
49005240
46009760
48006680
53006800
45001960
46012240
50000880
55008400
53008080
55000280
49003600
47006280
45002560
47009120
46002960
55004320
48007160
48004600
53008320
48006080
53001600
53008440
49002960
49004680
56005960
56005920
47006240
49004880
55000080
55004080
45003680
48005760
46006160
47010080
54000400
48000520
49005400
54002000
54002160
50000720
48006640
53010600
59000000
57000000
59000160
57000240
57000040
60000400
60000160
58000040
57000200
60000240
57000440
60000280
58000200
59000400
58000280
59000240
58000160
57000280
59000440
58000120
59000080
60000200
60000320
59000360
57000400
58000440
59000040
60000120
59000320
58000480
60000480
59000120
58000240
59000200
60000080
60000360