0
1
2
3
4
6
7
8
10
11
12
13
14
15
16
17
18
19
21
22
25
26
27
28
29
30
33
34
35
36
37
38
40
41
42
45
47
51
53
54
55
56
57
58
60
61
63
65
66
67
70
73
74
75
76
79
80
81
83
84
85
87
89
93
95
96
97
98
100
101
103
105
106
107
108
109
110
111
112
113
114
115
118
119
120
122
123
124
125
126
127
128
129
130
131
132
133
135
136
137
138
139
140
141
142
143
144
146
147
148
149
154
155
156
158
159
160
162
163
164
165
166
167
168
169
170
172
174
176
177
180
182
183
186
187
188
189
190
191
192
193
194
195
197
199
200
201
202
203
204
205
206
207
208
210
211
212
213
214
216
217
218
219
220
221
222
223
225
226
227
228
229
231
234
235
236
237
238
239
240
241
242
243
246
247
248
250
251
254
255
257
258
260
261
263
264
266
267
269
271
272
273
274
275
276
277
278
279
280
281
282
283
284
286
287
288
289
291
293
294
295
296
297
298
299
300
301
302
303
304
305
306
307
308
310
313
317
318
319
320
321
322
323
324
325
326
327
328
329
330
331
334
335
336
337
338
339
341
342
343
344
349
350
351
353
354
355
356
357
358
360
361
362
363
364
365
366
367
368
369
370
371
372
373
374
375
376
377
378
379
380
381
382
384
385
386
387
389
390
391
392
393
394
395
396
397
401
402
403
404
405
406
407
409
412
413
414
415
416
417
418
419
420
421
422
423
424
425
426
428
429
430
432
433
434
435
436
437
438
439
440
441
442
444
445
446
447
448
449
450
451
452
453
455
456
458
459
460
462
463
464
465
467
469
471
472
473
474
476
477
478
479
480
481
482
483
485
486
487
488
489
490
491
492
493
496
497
498
499
500
501
502
504
505
506
507
508
509
510
511
513
514
515
518
519
520
521
522
523
524
526
527
528
530
531
532
534
535
536
538
539
540
541
543
544
545
546
548
549
550
551
553
554
557
559
561
563
564
565
566
567
568
569
570
571
572
573
574
575
576
577
578
579
580
581
582
583
584
585
587
588
589
590
592
593
595
596
597
599
600
601
603
606
607
608
609
610
611
612
613
614
615
616
617
618
620
622
624
625
626
627
629
631
633
634
635
637
639
641
642
643
644
645
646
647
648
649
650
651
653
655
658
659
662
663
665
666
667
668
669
670
671
674
675
676
677
678
679
681
682
683
685
686
687
690
691
692
693
694
695
696
697
698
699
700
701
702
703
705
706
708
709
710
713
714
715
718
719
720
722
723
724
725
726
728
729
730
731
732
733
734
735
736
737
738
739
743
744
745
746
747
748
751
752
753
754
757
759
760
762
763
765
766
767
768
769
770
771
772
773
775
776
777
779
780
781
782
783
785
786
787
788
789
791
792
793
794
795
796
797
798
799
801
802
803
804
805
807
808
809
810
811
812
814
815
816
817
818
820
821
822
823
824
825
826
827
828
830
831
832
833
834
835
836
838
839
842
843
844
845
847
848
849
850
851
852
853
854
855
857
858
859
861
862
864
865
869
870
871
872
873
876
877
878
880
882
883
884
885
886
887
888
889
890
891
892
893
894
895
896
897
899
902
903
905
907
908
909
910
911
912
913
914
915
916
917
920
921
922
923
924
925
926
927
930
931
932
933
934
936
937
938
939
940
941
942
943
944
945
946
947
948
949
950
951
952
953
954
955
956
957
958
959
960
961
962
964
966
967
968
969
970
971
972
973
975
976
977
978
979
980
981
982
983
984
987
988
989
990
991
992
993
994
995
996
997
1000
1002
1003
1004
1005
1006
1007
1009
1010
1011
1012
1015
1016
1017
1018
1019
1020
1021
1022
1023
1024
1027
1030
1031
1032
1033
1034
1035
1036
1038
1041
1042
1043
1044
1045
1046
1047
1048
1049
1050
1052
1053
1055
1056
1057
1058
1059
1060
1061
1062
1063
1064
1065
1069
1071
1072
1073
1074
1075
1076
1077
1078
1079
1080
1081
1084
1085
1086
1088
1091
1092
1094
1095
1096
1098
1099
1100
1101
1103
1104
1105
1106
1107
1108
1110
1111
1112
1113
1114
1115
1116
1117
1118
1119
1120
1121
1123
1125
1126
1127
1129
1130
1133
1134
1135
1136
1137
1138
1139
1140
1141
1144
1145
1146
1147
1148
1149
1150
1151
1152
1153
1154
1155
1157
1158
1159
1160
1161
1162
1163
1165
1166
1167
1168
1169
1170
1171
1172
1173
1174
1175
1176
1177
1178
1179
1181
1182
1183
1184
1185
1186
1187
1190
1191
1192
1194
1195
1196
1197
1198
1199
1201
1202
1206
1208
1209
1210
1211
1212
1213
1214
1215
1216
1217
1218
1219
1221
1222
1224
1225
1227
1228
1229
1231
1232
1234
1235
1236
1239
1240
1241
1242
1243
1244
1245
1246
1247
1248
1249
1251
1252
1253
1254
1257
1259
1261
1262
1263
1264
1265
1267
1269
1270
1271